# This file uses centimeters as units for non-parametric coordinates.

mtllib 2_18_slice9.mtl
g default
v -25.547600 78.000000 33.000000
v -25.547600 78.199997 33.000000
v -25.446400 77.800003 33.000000
v -25.400000 77.652397 33.000000
v -25.400000 77.800003 32.984402
v -25.400000 77.800003 33.015598
v -25.400000 78.000000 32.984402
v -25.400000 78.000000 33.015598
v -25.400000 78.199997 32.984402
v -25.400000 78.199997 33.015598
v -25.400000 78.347603 33.000000
v -25.347601 77.599998 33.000000
v -25.347601 78.400002 33.000000
v -25.200001 77.452400 33.000000
v -25.200001 77.599998 32.984402
v -25.200001 77.599998 33.015598
v -25.200001 77.800003 32.984402
v -25.200001 77.800003 33.015598
v -25.200001 78.000000 32.984402
v -25.200001 78.000000 33.015598
v -25.200001 78.199997 32.984402
v -25.200001 78.199997 33.015598
v -25.200001 78.400002 32.984402
v -25.200001 78.400002 33.015598
v -25.200001 78.547600 33.000000
v -25.147600 77.400002 33.000000
v -25.147600 78.599998 33.000000
v -25.000000 77.252296 33.000000
v -25.000000 77.400002 32.984402
v -25.000000 77.400002 33.015598
v -25.000000 77.599998 32.984402
v -25.000000 77.599998 33.015598
v -25.000000 77.800003 32.984402
v -25.000000 77.800003 33.015598
v -25.000000 78.000000 32.984402
v -25.000000 78.000000 33.015598
v -25.000000 78.199997 32.984402
v -25.000000 78.199997 33.015598
v -25.000000 78.400002 32.984402
v -25.000000 78.400002 33.015598
v -25.000000 78.599998 32.984402
v -25.000000 78.599998 33.015598
v -25.000000 78.747704 33.000000
v -24.947599 77.199997 33.000000
v -24.947599 78.800003 33.000000
v -24.799999 77.052399 33.000000
v -24.799999 77.199997 32.984402
v -24.799999 77.199997 33.015598
v -24.799999 77.400002 32.984402
v -24.799999 77.400002 33.015598
v -24.799999 77.599998 32.984402
v -24.799999 77.599998 33.015598
v -24.799999 77.800003 32.984402
v -24.799999 77.800003 33.015598
v -24.799999 78.000000 32.984402
v -24.799999 78.000000 33.015598
v -24.799999 78.199997 32.984402
v -24.799999 78.199997 33.015598
v -24.799999 78.400002 32.984402
v -24.799999 78.400002 33.015598
v -24.799999 78.599998 32.984402
v -24.799999 78.599998 33.015598
v -24.799999 78.800003 32.984402
v -24.799999 78.800003 33.015598
v -24.799999 78.835297 33.000000
v -24.747601 77.000000 33.000000
v -24.600000 76.852402 33.000000
v -24.600000 77.000000 32.984402
v -24.600000 77.000000 33.015598
v -24.600000 77.199997 32.984402
v -24.600000 77.199997 33.015598
v -24.600000 77.400002 32.984402
v -24.600000 77.400002 33.015598
v -24.600000 77.599998 32.984402
v -24.600000 77.599998 33.015598
v -24.600000 77.800003 32.984402
v -24.600000 77.800003 33.015598
v -24.600000 78.000000 32.984402
v -24.600000 78.000000 33.015598
v -24.600000 78.199997 32.984402
v -24.600000 78.199997 33.015598
v -24.600000 78.400002 32.984402
v -24.600000 78.400002 33.015598
v -24.600000 78.599998 32.984402
v -24.600000 78.599998 33.015598
v -24.600000 78.800003 32.984402
v -24.600000 78.800003 33.015598
v -24.600000 78.835297 33.000000
v -24.547600 76.800003 33.000000
v -24.400000 76.652397 33.000000
v -24.400000 76.800003 32.984402
v -24.400000 76.800003 33.015598
v -24.400000 77.000000 32.984402
v -24.400000 77.000000 33.015598
v -24.400000 77.199997 32.984402
v -24.400000 77.199997 33.015598
v -24.400000 77.400002 32.984402
v -24.400000 77.400002 33.015598
v -24.400000 77.599998 32.984402
v -24.400000 77.599998 33.015598
v -24.400000 77.800003 32.984402
v -24.400000 77.800003 33.015598
v -24.400000 78.000000 32.984402
v -24.400000 78.000000 33.015598
v -24.400000 78.199997 32.984402
v -24.400000 78.199997 33.015598
v -24.400000 78.400002 32.984402
v -24.400000 78.400002 33.015598
v -24.400000 78.599998 32.984402
v -24.400000 78.599998 33.015598
v -24.400000 78.800003 32.984402
v -24.400000 78.800003 33.015598
v -24.400000 78.835297 33.000000
v -24.347601 76.599998 33.000000
v -24.200001 76.452400 33.000000
v -24.200001 76.599998 32.984402
v -24.200001 76.599998 33.015598
v -24.200001 76.800003 32.984402
v -24.200001 76.800003 33.015598
v -24.200001 77.000000 32.984402
v -24.200001 77.000000 33.015598
v -24.200001 77.199997 32.984402
v -24.200001 77.199997 33.015598
v -24.200001 77.400002 32.984402
v -24.200001 77.400002 33.015598
v -24.200001 77.599998 32.984402
v -24.200001 77.599998 33.015598
v -24.200001 77.800003 32.984402
v -24.200001 77.800003 33.015598
v -24.200001 78.000000 32.984402
v -24.200001 78.000000 33.015598
v -24.200001 78.199997 32.984402
v -24.200001 78.199997 33.015598
v -24.200001 78.400002 32.984402
v -24.200001 78.400002 33.015598
v -24.200001 78.599998 32.984402
v -24.200001 78.599998 33.015598
v -24.200001 78.800003 32.984402
v -24.200001 78.800003 33.015598
v -24.200001 78.835297 33.000000
v -24.147600 76.400002 33.000000
v -24.000000 76.252296 33.000000
v -24.000000 76.400002 32.984402
v -24.000000 76.400002 33.015598
v -24.000000 76.599998 32.984402
v -24.000000 76.599998 33.015598
v -24.000000 76.800003 32.984402
v -24.000000 76.800003 33.015598
v -24.000000 77.000000 32.984402
v -24.000000 77.000000 33.015598
v -24.000000 77.199997 32.984402
v -24.000000 77.199997 33.015598
v -24.000000 77.400002 32.984402
v -24.000000 77.400002 33.015598
v -24.000000 77.599998 32.984402
v -24.000000 77.599998 33.015598
v -24.000000 77.800003 32.984402
v -24.000000 77.800003 33.015598
v -24.000000 78.000000 32.984402
v -24.000000 78.000000 33.015598
v -24.000000 78.199997 32.984402
v -24.000000 78.199997 33.015598
v -24.000000 78.400002 32.984402
v -24.000000 78.400002 33.015598
v -24.000000 78.599998 32.984402
v -24.000000 78.599998 33.015598
v -24.000000 78.800003 32.984402
v -24.000000 78.800003 33.015598
v -24.000000 78.835297 33.000000
v -23.947599 76.199997 33.000000
v -23.852400 78.800003 33.000000
v -23.799999 76.164703 33.000000
v -23.799999 76.199997 32.984402
v -23.799999 76.199997 33.015598
v -23.799999 76.400002 32.984402
v -23.799999 76.400002 33.015598
v -23.799999 76.599998 32.984402
v -23.799999 76.599998 33.015598
v -23.799999 76.800003 32.984402
v -23.799999 76.800003 33.015598
v -23.799999 77.000000 32.984402
v -23.799999 77.000000 33.015598
v -23.799999 77.199997 32.984402
v -23.799999 77.199997 33.015598
v -23.799999 77.400002 32.984402
v -23.799999 77.400002 33.015598
v -23.799999 77.599998 32.984402
v -23.799999 77.599998 33.015598
v -23.799999 77.800003 32.984402
v -23.799999 77.800003 33.015598
v -23.799999 78.000000 32.984402
v -23.799999 78.000000 33.015598
v -23.799999 78.199997 32.984402
v -23.799999 78.199997 33.015598
v -23.799999 78.400002 32.984402
v -23.799999 78.400002 33.015598
v -23.799999 78.599998 32.984402
v -23.799999 78.599998 33.015598
v -23.799999 78.747704 33.000000
v -23.600000 76.164703 33.000000
v -23.600000 76.199997 32.984402
v -23.600000 76.199997 33.015598
v -23.600000 76.400002 32.984402
v -23.600000 76.400002 33.015598
v -23.600000 76.599998 32.984402
v -23.600000 76.599998 33.015598
v -23.600000 76.800003 32.984402
v -23.600000 76.800003 33.015598
v -23.600000 77.000000 32.984402
v -23.600000 77.000000 33.015598
v -23.600000 77.199997 32.984402
v -23.600000 77.199997 33.015598
v -23.600000 77.400002 32.984402
v -23.600000 77.400002 33.015598
v -23.600000 77.599998 32.984402
v -23.600000 77.599998 33.015598
v -23.600000 77.800003 32.984402
v -23.600000 77.800003 33.015598
v -23.600000 78.000000 32.984402
v -23.600000 78.000000 33.015598
v -23.600000 78.199997 32.984402
v -23.600000 78.199997 33.015598
v -23.600000 78.400002 32.984402
v -23.600000 78.400002 33.015598
v -23.600000 78.599998 32.984402
v -23.600000 78.599998 33.015598
v -23.600000 78.646400 33.000000
v -23.452400 76.199997 33.000000
v -23.452400 78.599998 33.000000
v -23.400000 76.252296 33.000000
v -23.400000 76.400002 32.984402
v -23.400000 76.400002 33.015598
v -23.400000 76.599998 32.984402
v -23.400000 76.599998 33.015598
v -23.400000 76.800003 32.984402
v -23.400000 76.800003 33.015598
v -23.400000 77.000000 32.984402
v -23.400000 77.000000 33.015598
v -23.400000 77.199997 32.984402
v -23.400000 77.199997 33.015598
v -23.400000 77.400002 32.984402
v -23.400000 77.400002 33.015598
v -23.400000 77.599998 32.984402
v -23.400000 77.599998 33.015598
v -23.400000 77.800003 32.984402
v -23.400000 77.800003 33.015598
v -23.400000 78.000000 32.984402
v -23.400000 78.000000 33.015598
v -23.400000 78.199997 32.984402
v -23.400000 78.199997 33.015598
v -23.400000 78.400002 32.984402
v -23.400000 78.400002 33.015598
v -23.400000 78.547600 33.000000
v -23.353600 78.400002 33.000000
v -23.252399 76.400002 33.000000
v -23.252399 78.199997 33.000000
v -23.200001 76.452400 33.000000
v -23.200001 76.599998 32.984402
v -23.200001 76.599998 33.015598
v -23.200001 76.800003 32.984402
v -23.200001 76.800003 33.015598
v -23.200001 77.000000 32.984402
v -23.200001 77.000000 33.015598
v -23.200001 77.199997 32.984402
v -23.200001 77.199997 33.015598
v -23.200001 77.400002 32.984402
v -23.200001 77.400002 33.015598
v -23.200001 77.599998 32.984402
v -23.200001 77.599998 33.015598
v -23.200001 77.800003 32.984402
v -23.200001 77.800003 33.015598
v -23.200001 78.000000 32.984402
v -23.200001 78.000000 33.015598
v -23.200001 78.147598 33.000000
v -23.164700 78.000000 33.000000
v -23.153601 77.800003 33.000000
v -23.052401 76.599998 33.000000
v -23.052401 77.599998 33.000000
v -23.000000 76.652397 33.000000
v -23.000000 76.800003 32.984402
v -23.000000 76.800003 33.015598
v -23.000000 77.000000 32.984402
v -23.000000 77.000000 33.015598
v -23.000000 77.199997 32.984402
v -23.000000 77.199997 33.015598
v -23.000000 77.400002 32.984402
v -23.000000 77.400002 33.015598
v -23.000000 77.547600 33.000000
v -22.964701 76.800003 33.000000
v -22.964701 77.000000 33.000000
v -22.964701 77.199997 33.000000
v -22.964701 77.400002 33.000000
vn 0.095943 0.401458 -0.910838
vn 0.095943 0.401458 -0.910838
vn 0.095943 0.401458 -0.910838
vn 0.000000 0.403319 -0.915060
vn 0.000000 0.403319 -0.915060
vn 0.000000 0.403319 -0.915060
vn 0.000000 0.403402 0.915023
vn 0.000000 0.403402 0.915023
vn 0.000000 0.403402 0.915023
vn 0.000000 0.403402 0.915023
vn 0.000000 0.403402 0.915023
vn 0.000000 0.403402 0.915023
vn 0.000000 0.000000 1.000000
vn 0.000000 0.000000 1.000000
vn 0.000000 0.000000 1.000000
vn 0.000000 0.000000 1.000000
vn 0.000000 0.000000 1.000000
vn 0.000000 0.000000 1.000000
vn 0.000000 0.000000 1.000000
vn 0.000000 0.000000 1.000000
vn 0.000000 0.000000 1.000000
vn 0.000000 0.000000 1.000000
vn 0.000000 0.000000 1.000000
vn 0.000000 0.000000 1.000000
vn 0.000000 0.000000 1.000000
vn 0.000000 0.000000 1.000000
vn 0.000000 0.000000 1.000000
vn 0.000000 0.000000 1.000000
vn 0.000000 0.000000 1.000000
vn 0.000000 0.000000 1.000000
vn 0.000000 0.000000 1.000000
vn 0.000000 0.000000 1.000000
vn 0.000000 0.000000 1.000000
vn 0.000000 0.000000 1.000000
vn 0.000000 0.000000 1.000000
vn 0.000000 0.000000 1.000000
vn 0.000000 0.000000 1.000000
vn 0.000000 0.000000 1.000000
vn 0.000000 0.000000 1.000000
vn 0.000000 0.000000 1.000000
vn 0.000000 0.000000 1.000000
vn 0.000000 0.000000 1.000000
vn 0.000000 0.000000 1.000000
vn 0.000000 0.000000 1.000000
vn 0.000000 0.000000 1.000000
vn -0.104210 -0.104208 0.989081
vn -0.104210 -0.104208 0.989081
vn -0.104210 -0.104208 0.989081
vn -0.104211 -0.104211 0.989080
vn -0.104211 -0.104211 0.989080
vn -0.104211 -0.104211 0.989080
vn -0.104183 -0.104183 -0.989086
vn -0.104183 -0.104183 -0.989086
vn -0.104183 -0.104183 -0.989086
vn -0.104186 -0.104184 -0.989086
vn -0.104186 -0.104184 -0.989086
vn -0.104186 -0.104184 -0.989086
vn 0.000000 0.000000 -1.000000
vn 0.000000 0.000000 -1.000000
vn 0.000000 0.000000 -1.000000
vn 0.000000 0.000000 -1.000000
vn 0.000000 0.000000 -1.000000
vn 0.000000 0.000000 -1.000000
vn 0.000000 0.000000 -1.000000
vn 0.000000 0.000000 -1.000000
vn 0.000000 0.000000 -1.000000
vn 0.000000 0.000000 -1.000000
vn 0.000000 0.000000 -1.000000
vn 0.000000 0.000000 -1.000000
vn 0.000000 0.000000 -1.000000
vn 0.000000 0.000000 -1.000000
vn 0.000000 0.000000 -1.000000
vn 0.000000 0.000000 -1.000000
vn 0.000000 0.000000 -1.000000
vn 0.000000 0.000000 -1.000000
vn 0.000000 0.000000 -1.000000
vn 0.000000 0.000000 -1.000000
vn 0.000000 0.000000 -1.000000
vn 0.000000 0.000000 -1.000000
vn 0.000000 0.000000 -1.000000
vn 0.000000 0.000000 -1.000000
vn 0.000000 0.000000 -1.000000
vn 0.000000 0.000000 -1.000000
vn 0.000000 0.000000 -1.000000
vn 0.000000 0.000000 -1.000000
vn 0.000000 0.000000 -1.000000
vn 0.000000 0.000000 -1.000000
vn 0.000000 0.000000 -1.000000
vn 0.000000 0.000000 -1.000000
vn 0.000000 0.000000 -1.000000
vn 0.000000 0.000000 -1.000000
vn 0.000000 0.000000 -1.000000
vn 0.000000 0.000000 -1.000000
vn 0.000000 0.403319 -0.915060
vn 0.000000 0.403319 -0.915060
vn 0.000000 0.403319 -0.915060
vn 0.000000 0.403319 -0.915060
vn 0.000000 0.403319 -0.915060
vn 0.000000 0.403319 -0.915060
vn 0.000000 0.000000 -1.000000
vn 0.000000 0.000000 -1.000000
vn 0.000000 0.000000 -1.000000
vn 0.000000 0.000000 -1.000000
vn 0.000000 0.000000 -1.000000
vn 0.000000 0.000000 -1.000000
vn 0.000000 0.000000 -1.000000
vn 0.000000 0.000000 -1.000000
vn 0.000000 0.000000 -1.000000
vn 0.000000 0.000000 -1.000000
vn 0.000000 0.000000 -1.000000
vn 0.000000 0.000000 -1.000000
vn 0.000000 0.000000 -1.000000
vn 0.000000 0.000000 -1.000000
vn 0.000000 0.000000 -1.000000
vn 0.000000 0.000000 -1.000000
vn 0.000000 0.000000 -1.000000
vn 0.000000 0.000000 -1.000000
vn 0.000000 0.000000 -1.000000
vn 0.000000 0.000000 -1.000000
vn 0.000000 0.000000 -1.000000
vn 0.000000 0.000000 -1.000000
vn 0.000000 0.000000 -1.000000
vn 0.000000 0.000000 -1.000000
vn 0.000000 0.000000 -1.000000
vn 0.000000 0.000000 -1.000000
vn 0.000000 0.000000 -1.000000
vn 0.000000 0.000000 -1.000000
vn 0.000000 0.000000 -1.000000
vn 0.000000 0.000000 -1.000000
vn 0.000000 0.403319 -0.915060
vn 0.000000 0.403319 -0.915060
vn 0.000000 0.403319 -0.915060
vn 0.000000 0.403402 0.915023
vn 0.000000 0.403402 0.915023
vn 0.000000 0.403402 0.915023
vn 0.000000 0.403319 -0.915060
vn 0.000000 0.403319 -0.915060
vn 0.000000 0.403319 -0.915060
vn 0.000000 0.000000 -1.000000
vn 0.000000 0.000000 -1.000000
vn 0.000000 0.000000 -1.000000
vn 0.000000 0.000000 -1.000000
vn 0.000000 0.000000 -1.000000
vn 0.000000 0.000000 -1.000000
vn 0.000000 0.000000 -1.000000
vn 0.000000 0.000000 -1.000000
vn 0.000000 0.000000 -1.000000
vn 0.000000 0.000000 -1.000000
vn 0.000000 0.000000 -1.000000
vn 0.000000 0.000000 -1.000000
vn 0.000000 0.000000 -1.000000
vn 0.000000 0.000000 -1.000000
vn 0.000000 0.000000 -1.000000
vn 0.000000 0.000000 -1.000000
vn 0.000000 0.000000 -1.000000
vn 0.000000 0.000000 -1.000000
vn 0.000000 0.000000 -1.000000
vn 0.000000 0.000000 -1.000000
vn 0.000000 0.000000 -1.000000
vn 0.000000 0.000000 -1.000000
vn 0.000000 0.000000 -1.000000
vn 0.000000 0.000000 -1.000000
vn 0.000000 0.000000 -1.000000
vn 0.000000 0.000000 -1.000000
vn 0.000000 0.000000 -1.000000
vn -0.318006 0.000000 -0.948089
vn -0.318006 0.000000 -0.948089
vn -0.318006 0.000000 -0.948089
vn -0.316432 -0.099370 -0.943396
vn -0.316432 -0.099370 -0.943396
vn -0.316432 -0.099370 -0.943396
vn -0.316501 -0.099392 0.943371
vn -0.316501 -0.099392 0.943371
vn -0.316501 -0.099392 0.943371
vn 0.000000 0.403319 -0.915060
vn 0.000000 0.403319 -0.915060
vn 0.000000 0.403319 -0.915060
vn 0.000000 0.403402 0.915023
vn 0.000000 0.403402 0.915023
vn 0.000000 0.403402 0.915023
vn 0.000000 0.403402 0.915023
vn 0.000000 0.403402 0.915023
vn 0.000000 0.403402 0.915023
vn 0.000000 0.000000 1.000000
vn 0.000000 0.000000 1.000000
vn 0.000000 0.000000 1.000000
vn 0.000000 0.403319 -0.915060
vn 0.000000 0.403319 -0.915060
vn 0.000000 0.403319 -0.915060
vn 0.000000 0.000000 -1.000000
vn 0.000000 0.000000 -1.000000
vn 0.000000 0.000000 -1.000000
vn 0.000000 0.000000 -1.000000
vn 0.000000 0.000000 -1.000000
vn 0.000000 0.000000 -1.000000
vn 0.000000 0.000000 -1.000000
vn 0.000000 0.000000 -1.000000
vn 0.000000 0.000000 -1.000000
vn 0.000000 0.000000 -1.000000
vn 0.000000 0.000000 -1.000000
vn 0.000000 0.000000 -1.000000
vn 0.000000 0.000000 -1.000000
vn 0.000000 0.000000 -1.000000
vn 0.000000 0.000000 -1.000000
vn 0.000000 0.000000 -1.000000
vn 0.000000 0.000000 -1.000000
vn 0.000000 0.000000 -1.000000
vn 0.000000 0.000000 -1.000000
vn 0.000000 0.000000 -1.000000
vn 0.000000 0.000000 -1.000000
vn -0.104757 0.000000 -0.994498
vn -0.104757 0.000000 -0.994498
vn -0.104757 0.000000 -0.994498
vn -0.104610 -0.052974 -0.993101
vn -0.104610 -0.052974 -0.993101
vn -0.104610 -0.052974 -0.993101
vn -0.314028 -0.159024 0.936001
vn -0.314028 -0.159024 0.936001
vn -0.314028 -0.159024 0.936001
vn 0.000000 0.403319 -0.915060
vn 0.000000 0.403319 -0.915060
vn 0.000000 0.403319 -0.915060
vn 0.000000 0.403402 0.915023
vn 0.000000 0.403402 0.915023
vn 0.000000 0.403402 0.915023
vn 0.000000 0.403402 0.915023
vn 0.000000 0.403402 0.915023
vn 0.000000 0.403402 0.915023
vn 0.000000 0.000000 1.000000
vn 0.000000 0.000000 1.000000
vn 0.000000 0.000000 1.000000
vn 0.000000 0.000000 1.000000
vn 0.000000 0.000000 1.000000
vn 0.000000 0.000000 1.000000
vn 0.000000 0.000000 1.000000
vn 0.000000 0.000000 1.000000
vn 0.000000 0.000000 1.000000
vn -0.095945 0.401458 -0.910838
vn -0.095945 0.401458 -0.910838
vn -0.095945 0.401458 -0.910838
vn -0.104187 0.104191 -0.989085
vn -0.104187 0.104191 -0.989085
vn -0.104187 0.104191 -0.989085
vn -0.104204 0.104208 0.989082
vn -0.104204 0.104208 0.989082
vn -0.104204 0.104208 0.989082
vn -0.104212 0.104208 0.989081
vn -0.104212 0.104208 0.989081
vn -0.104212 0.104208 0.989081
vn -0.104212 0.104213 0.989080
vn -0.104212 0.104213 0.989080
vn -0.104212 0.104213 0.989080
vn -0.104213 0.104213 0.989080
vn -0.104213 0.104213 0.989080
vn -0.104213 0.104213 0.989080
vn -0.104211 0.104213 0.989080
vn -0.104211 0.104213 0.989080
vn -0.104211 0.104213 0.989080
vn -0.104186 0.104188 -0.989086
vn -0.104186 0.104188 -0.989086
vn -0.104186 0.104188 -0.989086
vn -0.104186 0.104186 -0.989086
vn -0.104186 0.104186 -0.989086
vn -0.104186 0.104186 -0.989086
vn -0.104185 0.104183 -0.989086
vn -0.104185 0.104183 -0.989086
vn -0.104185 0.104183 -0.989086
vn -0.104187 0.104183 -0.989086
vn -0.104187 0.104183 -0.989086
vn -0.104187 0.104183 -0.989086
vn -0.104757 0.000000 -0.994498
vn -0.104757 0.000000 -0.994498
vn -0.104757 0.000000 -0.994498
vn -0.104782 0.000000 0.994495
vn -0.104782 0.000000 0.994495
vn -0.104782 0.000000 0.994495
vn -0.104782 0.000000 0.994495
vn -0.104782 0.000000 0.994495
vn -0.104782 0.000000 0.994495
vn 0.000000 0.000000 1.000000
vn 0.000000 0.000000 1.000000
vn 0.000000 0.000000 1.000000
vn 0.099375 0.316408 -0.943404
vn 0.099375 0.316408 -0.943404
vn 0.099375 0.316408 -0.943404
vn 0.158978 0.313938 -0.936039
vn 0.158978 0.313938 -0.936039
vn 0.158978 0.313938 -0.936039
vn 0.052985 0.104631 0.993099
vn 0.052985 0.104631 0.993099
vn 0.052985 0.104631 0.993099
vn 0.104210 0.104208 0.989081
vn 0.104210 0.104208 0.989081
vn 0.104210 0.104208 0.989081
vn 0.000000 0.000000 1.000000
vn 0.000000 0.000000 1.000000
vn 0.000000 0.000000 1.000000
vn 0.000000 0.000000 1.000000
vn 0.000000 0.000000 1.000000
vn 0.000000 0.000000 1.000000
vn 0.000000 0.000000 1.000000
vn 0.000000 0.000000 1.000000
vn 0.000000 0.000000 1.000000
vn 0.000000 0.000000 1.000000
vn 0.000000 0.000000 1.000000
vn 0.000000 0.000000 1.000000
vn 0.000000 0.000000 1.000000
vn 0.000000 0.000000 1.000000
vn 0.000000 0.000000 1.000000
vn 0.000000 0.000000 1.000000
vn 0.000000 0.000000 1.000000
vn 0.000000 0.000000 1.000000
vn 0.000000 0.000000 1.000000
vn 0.000000 0.000000 1.000000
vn 0.000000 0.000000 1.000000
vn 0.000000 0.000000 1.000000
vn 0.000000 0.000000 1.000000
vn 0.000000 0.000000 1.000000
vn 0.000000 0.000000 1.000000
vn 0.000000 0.000000 1.000000
vn 0.000000 0.000000 1.000000
vn 0.000000 0.000000 1.000000
vn 0.000000 0.000000 1.000000
vn 0.000000 0.000000 1.000000
vn 0.000000 0.000000 1.000000
vn 0.000000 0.000000 1.000000
vn 0.000000 0.000000 1.000000
vn 0.000000 0.000000 1.000000
vn 0.000000 0.000000 1.000000
vn 0.000000 0.000000 1.000000
vn 0.000000 0.000000 1.000000
vn 0.000000 0.000000 1.000000
vn 0.000000 0.000000 1.000000
vn -0.104212 -0.104213 0.989080
vn -0.104212 -0.104213 0.989080
vn -0.104212 -0.104213 0.989080
vn -0.104212 -0.104213 0.989080
vn -0.104212 -0.104213 0.989080
vn -0.104212 -0.104213 0.989080
vn -0.104188 -0.104188 -0.989085
vn -0.104188 -0.104188 -0.989085
vn -0.104188 -0.104188 -0.989085
vn -0.104187 -0.104188 -0.989085
vn -0.104187 -0.104188 -0.989085
vn -0.104187 -0.104188 -0.989085
vn 0.000000 0.000000 -1.000000
vn 0.000000 0.000000 -1.000000
vn 0.000000 0.000000 -1.000000
vn 0.000000 0.000000 -1.000000
vn 0.000000 0.000000 -1.000000
vn 0.000000 0.000000 -1.000000
vn 0.000000 0.000000 -1.000000
vn 0.000000 0.000000 -1.000000
vn 0.000000 0.000000 -1.000000
vn 0.000000 0.000000 -1.000000
vn 0.000000 0.000000 -1.000000
vn 0.000000 0.000000 -1.000000
vn 0.000000 0.000000 -1.000000
vn 0.000000 0.000000 -1.000000
vn 0.000000 0.000000 -1.000000
vn 0.000000 0.000000 -1.000000
vn 0.000000 0.000000 -1.000000
vn 0.000000 0.000000 -1.000000
vn 0.000000 0.000000 -1.000000
vn 0.000000 0.000000 -1.000000
vn 0.000000 0.000000 -1.000000
vn 0.000000 0.000000 -1.000000
vn 0.000000 0.000000 -1.000000
vn 0.000000 0.000000 -1.000000
vn 0.000000 0.000000 -1.000000
vn 0.000000 0.000000 -1.000000
vn 0.000000 0.000000 -1.000000
vn 0.000000 0.000000 -1.000000
vn 0.000000 0.000000 -1.000000
vn 0.000000 0.000000 -1.000000
vn 0.000000 0.000000 -1.000000
vn 0.000000 0.000000 -1.000000
vn 0.000000 0.000000 -1.000000
vn 0.000000 0.000000 -1.000000
vn 0.000000 0.000000 -1.000000
vn 0.000000 0.000000 -1.000000
vn 0.000000 0.000000 -1.000000
vn 0.000000 0.000000 -1.000000
vn 0.000000 0.000000 -1.000000
vn 0.104186 0.104184 -0.989086
vn 0.104186 0.104184 -0.989086
vn 0.104186 0.104184 -0.989086
vn 0.000000 0.104753 -0.994498
vn 0.000000 0.104753 -0.994498
vn 0.000000 0.104753 -0.994498
vn 0.000000 0.000000 -1.000000
vn 0.000000 0.000000 -1.000000
vn 0.000000 0.000000 -1.000000
vn 0.000000 0.000000 -1.000000
vn 0.000000 0.000000 -1.000000
vn 0.000000 0.000000 -1.000000
vn 0.000000 0.000000 -1.000000
vn 0.000000 0.000000 -1.000000
vn 0.000000 0.000000 -1.000000
vn 0.000000 0.000000 -1.000000
vn 0.000000 0.000000 -1.000000
vn 0.000000 0.000000 -1.000000
vn 0.000000 0.000000 -1.000000
vn 0.000000 0.000000 -1.000000
vn 0.000000 0.000000 -1.000000
vn 0.000000 0.000000 -1.000000
vn 0.000000 0.000000 -1.000000
vn 0.000000 0.000000 -1.000000
vn 0.000000 0.000000 -1.000000
vn 0.000000 0.000000 -1.000000
vn 0.000000 0.000000 -1.000000
vn 0.000000 0.000000 -1.000000
vn 0.000000 0.000000 -1.000000
vn 0.000000 0.000000 -1.000000
vn 0.000000 0.000000 -1.000000
vn 0.000000 0.000000 -1.000000
vn 0.000000 0.000000 -1.000000
vn 0.000000 0.000000 -1.000000
vn 0.000000 0.000000 -1.000000
vn 0.000000 0.000000 -1.000000
vn 0.000000 0.000000 -1.000000
vn 0.000000 0.000000 -1.000000
vn 0.000000 0.000000 -1.000000
vn 0.000000 0.000000 -1.000000
vn 0.000000 0.000000 -1.000000
vn 0.000000 0.000000 -1.000000
vn 0.000000 0.000000 -1.000000
vn 0.000000 0.000000 -1.000000
vn 0.000000 0.000000 -1.000000
vn -0.104187 -0.104185 -0.989086
vn -0.104187 -0.104185 -0.989086
vn -0.104187 -0.104185 -0.989086
vn -0.104187 -0.104188 -0.989085
vn -0.104187 -0.104188 -0.989085
vn -0.104187 -0.104188 -0.989085
vn -0.104212 -0.104213 0.989080
vn -0.104212 -0.104213 0.989080
vn -0.104212 -0.104213 0.989080
vn -0.104211 -0.104213 0.989080
vn -0.104211 -0.104213 0.989080
vn -0.104211 -0.104213 0.989080
vn 0.000000 0.000000 1.000000
vn 0.000000 0.000000 1.000000
vn 0.000000 0.000000 1.000000
vn 0.000000 0.000000 1.000000
vn 0.000000 0.000000 1.000000
vn 0.000000 0.000000 1.000000
vn 0.000000 0.000000 1.000000
vn 0.000000 0.000000 1.000000
vn 0.000000 0.000000 1.000000
vn 0.000000 0.000000 1.000000
vn 0.000000 0.000000 1.000000
vn 0.000000 0.000000 1.000000
vn 0.000000 0.000000 1.000000
vn 0.000000 0.000000 1.000000
vn 0.000000 0.000000 1.000000
vn 0.000000 0.000000 1.000000
vn 0.000000 0.000000 1.000000
vn 0.000000 0.000000 1.000000
vn 0.000000 0.000000 1.000000
vn 0.000000 0.000000 1.000000
vn 0.000000 0.000000 1.000000
vn 0.000000 0.000000 1.000000
vn 0.000000 0.000000 1.000000
vn 0.000000 0.000000 1.000000
vn 0.000000 0.000000 1.000000
vn 0.000000 0.000000 1.000000
vn 0.000000 0.000000 1.000000
vn 0.000000 0.000000 1.000000
vn 0.000000 0.000000 1.000000
vn 0.000000 0.000000 1.000000
vn 0.000000 0.000000 1.000000
vn 0.000000 0.000000 1.000000
vn 0.000000 0.000000 1.000000
vn 0.000000 0.000000 1.000000
vn 0.000000 0.000000 1.000000
vn 0.000000 0.000000 1.000000
vn 0.000000 0.000000 1.000000
vn 0.000000 0.000000 1.000000
vn 0.000000 0.000000 1.000000
vn 0.104781 -0.000000 0.994495
vn 0.104781 -0.000000 0.994495
vn 0.104781 -0.000000 0.994495
vn 0.314017 0.159012 0.936007
vn 0.314017 0.159012 0.936007
vn 0.314017 0.159012 0.936007
vn 0.104609 0.052972 -0.993102
vn 0.104609 0.052972 -0.993102
vn 0.104609 0.052972 -0.993102
vn 0.317994 0.000000 -0.948093
vn 0.317994 0.000000 -0.948093
vn 0.317994 0.000000 -0.948093
vn 0.000000 0.000000 -1.000000
vn 0.000000 0.000000 -1.000000
vn 0.000000 0.000000 -1.000000
vn 0.000000 0.000000 -1.000000
vn 0.000000 0.000000 -1.000000
vn 0.000000 0.000000 -1.000000
vn 0.000000 0.000000 -1.000000
vn 0.000000 0.000000 -1.000000
vn 0.000000 0.000000 -1.000000
vn 0.000000 0.000000 -1.000000
vn 0.000000 0.000000 -1.000000
vn 0.000000 0.000000 -1.000000
vn 0.000000 0.000000 -1.000000
vn 0.000000 0.000000 -1.000000
vn 0.000000 0.000000 -1.000000
vn 0.104183 0.104183 -0.989086
vn 0.104183 0.104183 -0.989086
vn 0.104183 0.104183 -0.989086
vn 0.104211 0.104211 0.989080
vn 0.104211 0.104211 0.989080
vn 0.104211 0.104211 0.989080
vn 0.000000 0.000000 -1.000000
vn 0.000000 0.000000 -1.000000
vn 0.000000 0.000000 -1.000000
vn 0.000000 0.000000 -1.000000
vn 0.000000 0.000000 -1.000000
vn 0.000000 0.000000 -1.000000
vn 0.000000 0.000000 -1.000000
vn 0.000000 0.000000 -1.000000
vn 0.000000 0.000000 -1.000000
vn 0.000000 0.000000 -1.000000
vn 0.000000 0.000000 -1.000000
vn 0.000000 0.000000 -1.000000
vn 0.000000 0.000000 -1.000000
vn 0.000000 0.000000 -1.000000
vn 0.000000 0.000000 -1.000000
vn 0.000000 0.000000 -1.000000
vn 0.000000 0.000000 -1.000000
vn 0.000000 0.000000 -1.000000
vn 0.000000 0.000000 -1.000000
vn 0.000000 0.000000 -1.000000
vn 0.000000 0.000000 -1.000000
vn 0.000000 0.000000 -1.000000
vn 0.000000 0.000000 -1.000000
vn 0.000000 0.000000 -1.000000
vn 0.000000 0.000000 -1.000000
vn 0.000000 0.000000 -1.000000
vn 0.000000 0.000000 -1.000000
vn 0.000000 0.000000 -1.000000
vn 0.000000 0.000000 -1.000000
vn 0.000000 0.000000 -1.000000
vn 0.000000 0.000000 -1.000000
vn 0.000000 0.000000 -1.000000
vn 0.000000 0.000000 -1.000000
vn -0.104185 0.104183 -0.989086
vn -0.104185 0.104183 -0.989086
vn -0.104185 0.104183 -0.989086
vn -0.104187 0.104183 -0.989086
vn -0.104187 0.104183 -0.989086
vn -0.104187 0.104183 -0.989086
vn 0.316420 0.099376 -0.943400
vn 0.316420 0.099376 -0.943400
vn 0.316420 0.099376 -0.943400
vn 0.104188 0.104188 -0.989085
vn 0.104188 0.104188 -0.989085
vn 0.104188 0.104188 -0.989085
vn 0.104212 0.104212 0.989080
vn 0.104212 0.104212 0.989080
vn 0.104212 0.104212 0.989080
vn 0.099397 0.316477 0.943378
vn 0.099397 0.316477 0.943378
vn 0.099397 0.316477 0.943378
vn 0.000000 0.318052 0.948073
vn 0.000000 0.318052 0.948073
vn 0.000000 0.318052 0.948073
vn 0.104187 0.104188 -0.989085
vn 0.104187 0.104188 -0.989085
vn 0.104187 0.104188 -0.989085
vn 0.000000 0.000000 -1.000000
vn 0.000000 0.000000 -1.000000
vn 0.000000 0.000000 -1.000000
vn 0.000000 0.000000 -1.000000
vn 0.000000 0.000000 -1.000000
vn 0.000000 0.000000 -1.000000
vn -0.104187 0.104187 -0.989086
vn -0.104187 0.104187 -0.989086
vn -0.104187 0.104187 -0.989086
vn -0.104187 0.104188 -0.989085
vn -0.104187 0.104188 -0.989085
vn -0.104187 0.104188 -0.989085
vn 0.401458 0.095946 -0.910838
vn 0.401458 0.095946 -0.910838
vn 0.401458 0.095946 -0.910838
vn 0.104188 0.104188 -0.989085
vn 0.104188 0.104188 -0.989085
vn 0.104188 0.104188 -0.989085
vn 0.104211 0.104211 0.989080
vn 0.104211 0.104211 0.989080
vn 0.104211 0.104211 0.989080
vn 0.104186 0.104188 -0.989086
vn 0.104186 0.104188 -0.989086
vn 0.104186 0.104188 -0.989086
vn 0.000000 0.000000 -1.000000
vn 0.000000 0.000000 -1.000000
vn 0.000000 0.000000 -1.000000
vn 0.000000 0.000000 -1.000000
vn 0.000000 0.000000 -1.000000
vn 0.000000 0.000000 -1.000000
vn 0.000000 0.000000 -1.000000
vn 0.000000 0.000000 -1.000000
vn 0.000000 0.000000 -1.000000
vn 0.000000 0.000000 -1.000000
vn 0.000000 0.000000 -1.000000
vn 0.000000 0.000000 -1.000000
vn 0.000000 0.000000 -1.000000
vn 0.000000 0.000000 -1.000000
vn 0.000000 0.000000 -1.000000
vn 0.000000 0.000000 -1.000000
vn 0.000000 0.000000 -1.000000
vn 0.000000 0.000000 -1.000000
vn 0.000000 0.000000 -1.000000
vn 0.000000 0.000000 -1.000000
vn 0.000000 0.000000 -1.000000
vn 0.000000 0.000000 -1.000000
vn 0.000000 0.000000 -1.000000
vn 0.000000 0.000000 -1.000000
vn 0.000000 0.000000 -1.000000
vn 0.000000 0.000000 -1.000000
vn 0.000000 0.000000 -1.000000
vn 0.000000 0.000000 -1.000000
vn 0.000000 0.000000 -1.000000
vn 0.000000 0.000000 -1.000000
vn 0.000000 0.000000 -1.000000
vn 0.000000 0.000000 -1.000000
vn 0.000000 0.000000 -1.000000
vn 0.000000 0.000000 -1.000000
vn 0.000000 0.000000 -1.000000
vn 0.000000 0.000000 -1.000000
vn 0.000000 0.000000 -1.000000
vn 0.000000 0.000000 -1.000000
vn 0.000000 0.000000 -1.000000
vn -0.104187 -0.104188 -0.989085
vn -0.104187 -0.104188 -0.989085
vn -0.104187 -0.104188 -0.989085
vn -0.104187 -0.104183 -0.989086
vn -0.104187 -0.104183 -0.989086
vn -0.104187 -0.104183 -0.989086
vn -0.104212 -0.104208 0.989081
vn -0.104212 -0.104208 0.989081
vn -0.104212 -0.104208 0.989081
vn -0.104210 -0.104208 0.989081
vn -0.104210 -0.104208 0.989081
vn -0.104210 -0.104208 0.989081
vn 0.000000 0.000000 1.000000
vn 0.000000 0.000000 1.000000
vn 0.000000 0.000000 1.000000
vn 0.000000 0.000000 1.000000
vn 0.000000 0.000000 1.000000
vn 0.000000 0.000000 1.000000
vn 0.000000 0.000000 1.000000
vn 0.000000 0.000000 1.000000
vn 0.000000 0.000000 1.000000
vn 0.000000 0.000000 1.000000
vn 0.000000 0.000000 1.000000
vn 0.000000 0.000000 1.000000
vn 0.000000 0.000000 1.000000
vn 0.000000 0.000000 1.000000
vn 0.000000 0.000000 1.000000
vn 0.000000 0.000000 1.000000
vn 0.000000 0.000000 1.000000
vn 0.000000 0.000000 1.000000
vn 0.000000 0.000000 1.000000
vn 0.000000 0.000000 1.000000
vn 0.000000 0.000000 1.000000
vn 0.000000 0.000000 1.000000
vn 0.000000 0.000000 1.000000
vn 0.000000 0.000000 1.000000
vn 0.000000 0.000000 1.000000
vn 0.000000 0.000000 1.000000
vn 0.000000 0.000000 1.000000
vn 0.000000 0.000000 1.000000
vn 0.000000 0.000000 1.000000
vn 0.000000 0.000000 1.000000
vn 0.000000 0.000000 1.000000
vn 0.000000 0.000000 1.000000
vn 0.000000 0.000000 1.000000
vn 0.104781 -0.000000 0.994495
vn 0.104781 -0.000000 0.994495
vn 0.104781 -0.000000 0.994495
vn 0.314028 0.159018 0.936002
vn 0.314028 0.159018 0.936002
vn 0.314028 0.159018 0.936002
vn 0.104610 0.052972 -0.993102
vn 0.104610 0.052972 -0.993102
vn 0.104610 0.052972 -0.993102
vn 0.318006 0.000000 -0.948089
vn 0.318006 0.000000 -0.948089
vn 0.318006 0.000000 -0.948089
vn 0.000000 0.000000 -1.000000
vn 0.000000 0.000000 -1.000000
vn 0.000000 0.000000 -1.000000
vn 0.000000 0.000000 -1.000000
vn 0.000000 0.000000 -1.000000
vn 0.000000 0.000000 -1.000000
vn 0.000000 0.000000 -1.000000
vn 0.000000 0.000000 -1.000000
vn 0.000000 0.000000 -1.000000
vn 0.000000 0.000000 -1.000000
vn 0.000000 0.000000 -1.000000
vn 0.000000 0.000000 -1.000000
vn 0.000000 0.000000 -1.000000
vn 0.000000 0.000000 -1.000000
vn 0.000000 0.000000 -1.000000
vn 0.000000 0.000000 -1.000000
vn 0.000000 0.000000 -1.000000
vn 0.000000 0.000000 -1.000000
vn 0.000000 0.000000 -1.000000
vn 0.000000 0.000000 -1.000000
vn 0.000000 0.000000 -1.000000
vn 0.000000 0.000000 -1.000000
vn 0.000000 0.000000 -1.000000
vn 0.000000 0.000000 -1.000000
vn 0.000000 0.000000 -1.000000
vn 0.000000 0.000000 -1.000000
vn 0.000000 0.000000 -1.000000
vn 0.000000 0.000000 -1.000000
vn 0.000000 0.000000 -1.000000
vn 0.000000 0.000000 -1.000000
vn 0.000000 0.000000 -1.000000
vn 0.000000 0.000000 -1.000000
vn 0.000000 0.000000 -1.000000
vn 0.403319 0.000000 -0.915060
vn 0.403319 0.000000 -0.915060
vn 0.403319 0.000000 -0.915060
vn 0.000000 0.000000 -1.000000
vn 0.000000 0.000000 -1.000000
vn 0.000000 0.000000 -1.000000
vn 0.000000 0.000000 -1.000000
vn 0.000000 0.000000 -1.000000
vn 0.000000 0.000000 -1.000000
vn 0.000000 0.000000 -1.000000
vn 0.000000 0.000000 -1.000000
vn 0.000000 0.000000 -1.000000
vn 0.317956 0.017618 -0.947942
vn 0.317956 0.017618 -0.947942
vn 0.317956 0.017618 -0.947942
vn 0.403301 0.022347 0.914795
vn 0.403301 0.022347 0.914795
vn 0.403301 0.022347 0.914795
vn 0.318076 0.000000 0.948065
vn 0.318076 0.000000 0.948065
vn 0.318076 0.000000 0.948065
vn 0.000000 0.000000 1.000000
vn 0.000000 0.000000 1.000000
vn 0.000000 0.000000 1.000000
vn 0.000000 0.000000 1.000000
vn 0.000000 0.000000 1.000000
vn 0.000000 0.000000 1.000000
vn 0.000000 0.000000 1.000000
vn 0.000000 0.000000 1.000000
vn 0.000000 0.000000 1.000000
vn 0.000000 0.000000 1.000000
vn 0.000000 0.000000 1.000000
vn 0.000000 0.000000 1.000000
vn 0.000000 0.000000 1.000000
vn 0.000000 0.000000 1.000000
vn 0.000000 0.000000 1.000000
vn 0.000000 0.000000 1.000000
vn 0.000000 0.000000 1.000000
vn 0.000000 0.000000 1.000000
vn 0.000000 0.000000 1.000000
vn 0.000000 0.000000 1.000000
vn 0.000000 0.000000 1.000000
vn 0.000000 0.000000 1.000000
vn 0.000000 0.000000 1.000000
vn 0.000000 0.000000 1.000000
vn 0.000000 0.000000 1.000000
vn 0.000000 0.000000 1.000000
vn 0.000000 0.000000 1.000000
vn 0.000000 0.000000 1.000000
vn 0.000000 0.000000 1.000000
vn 0.000000 0.000000 1.000000
vn 0.000000 0.000000 1.000000
vn 0.000000 0.000000 1.000000
vn 0.000000 0.000000 1.000000
vn 0.000000 0.000000 -1.000000
vn 0.000000 0.000000 -1.000000
vn 0.000000 0.000000 -1.000000
vn 0.000000 0.000000 -1.000000
vn 0.000000 0.000000 -1.000000
vn 0.000000 0.000000 -1.000000
vn 0.000000 0.000000 -1.000000
vn 0.000000 0.000000 -1.000000
vn 0.000000 0.000000 -1.000000
vn 0.000000 0.000000 -1.000000
vn 0.000000 0.000000 -1.000000
vn 0.000000 0.000000 -1.000000
vn 0.000000 0.000000 -1.000000
vn 0.000000 0.000000 -1.000000
vn 0.000000 0.000000 -1.000000
vn 0.000000 0.000000 -1.000000
vn 0.000000 0.000000 -1.000000
vn 0.000000 0.000000 -1.000000
vn 0.000000 0.000000 -1.000000
vn 0.000000 0.000000 -1.000000
vn 0.000000 0.000000 -1.000000
vn 0.000000 0.000000 -1.000000
vn 0.000000 0.000000 -1.000000
vn 0.000000 0.000000 -1.000000
vn 0.000000 0.000000 -1.000000
vn 0.000000 0.000000 -1.000000
vn 0.000000 0.000000 -1.000000
vn 0.000000 0.000000 -1.000000
vn 0.000000 0.000000 -1.000000
vn 0.000000 0.000000 -1.000000
vn 0.000000 0.000000 -1.000000
vn 0.000000 0.000000 -1.000000
vn 0.000000 0.000000 -1.000000
vn 0.000000 0.000000 -1.000000
vn 0.000000 0.000000 -1.000000
vn 0.000000 0.000000 -1.000000
vn 0.401440 0.095947 -0.910846
vn 0.401440 0.095947 -0.910846
vn 0.401440 0.095947 -0.910846
vn 0.104188 0.104188 -0.989085
vn 0.104188 0.104188 -0.989085
vn 0.104188 0.104188 -0.989085
vn 0.104212 0.104212 0.989080
vn 0.104212 0.104212 0.989080
vn 0.104212 0.104212 0.989080
vn 0.104187 0.104188 -0.989085
vn 0.104187 0.104188 -0.989085
vn 0.104187 0.104188 -0.989085
vn 0.000000 0.000000 -1.000000
vn 0.000000 0.000000 -1.000000
vn 0.000000 0.000000 -1.000000
vn 0.000000 0.000000 -1.000000
vn 0.000000 0.000000 -1.000000
vn 0.000000 0.000000 -1.000000
vn 0.000000 0.000000 -1.000000
vn 0.000000 0.000000 -1.000000
vn 0.000000 0.000000 -1.000000
vn 0.000000 0.000000 -1.000000
vn 0.000000 0.000000 -1.000000
vn 0.000000 0.000000 -1.000000
vn 0.000000 0.000000 -1.000000
vn 0.000000 0.000000 -1.000000
vn 0.000000 0.000000 -1.000000
vn 0.000000 0.000000 -1.000000
vn 0.000000 0.000000 -1.000000
vn 0.000000 0.000000 -1.000000
vn 0.000000 0.000000 -1.000000
vn 0.000000 0.000000 -1.000000
vn 0.000000 0.000000 -1.000000
vn 0.000000 0.000000 -1.000000
vn 0.000000 0.000000 -1.000000
vn 0.000000 0.000000 -1.000000
vn 0.000000 0.000000 -1.000000
vn 0.000000 0.000000 -1.000000
vn 0.000000 0.000000 -1.000000
vn 0.000000 0.000000 -1.000000
vn 0.000000 0.000000 -1.000000
vn 0.000000 0.000000 -1.000000
vn 0.000000 0.000000 -1.000000
vn 0.000000 0.000000 -1.000000
vn 0.000000 0.000000 -1.000000
vn -0.104187 -0.104188 -0.989085
vn -0.104187 -0.104188 -0.989085
vn -0.104187 -0.104188 -0.989085
vn -0.104187 -0.104183 -0.989086
vn -0.104187 -0.104183 -0.989086
vn -0.104187 -0.104183 -0.989086
vn -0.104212 -0.104208 0.989081
vn -0.104212 -0.104208 0.989081
vn -0.104212 -0.104208 0.989081
vn -0.104210 -0.104208 0.989081
vn -0.104210 -0.104208 0.989081
vn -0.104210 -0.104208 0.989081
vn 0.000000 0.000000 1.000000
vn 0.000000 0.000000 1.000000
vn 0.000000 0.000000 1.000000
vn 0.000000 0.000000 1.000000
vn 0.000000 0.000000 1.000000
vn 0.000000 0.000000 1.000000
vn 0.000000 0.000000 1.000000
vn 0.000000 0.000000 1.000000
vn 0.000000 0.000000 1.000000
vn 0.000000 0.000000 1.000000
vn 0.000000 0.000000 1.000000
vn 0.000000 0.000000 1.000000
vn 0.000000 0.000000 1.000000
vn 0.000000 0.000000 1.000000
vn 0.000000 0.000000 1.000000
vn 0.000000 0.000000 1.000000
vn 0.000000 0.000000 1.000000
vn 0.000000 0.000000 1.000000
vn 0.000000 0.000000 1.000000
vn 0.000000 0.000000 1.000000
vn 0.000000 0.000000 1.000000
vn 0.000000 0.000000 1.000000
vn 0.000000 0.000000 1.000000
vn 0.000000 0.000000 1.000000
vn 0.000000 0.000000 1.000000
vn 0.000000 0.000000 1.000000
vn 0.000000 0.000000 1.000000
vn 0.403383 -0.000000 0.915031
vn 0.403383 -0.000000 0.915031
vn 0.403383 -0.000000 0.915031
vn 0.403383 -0.000000 0.915031
vn 0.403383 -0.000000 0.915031
vn 0.403383 -0.000000 0.915031
vn 0.403300 0.000000 -0.915068
vn 0.403300 0.000000 -0.915068
vn 0.403300 0.000000 -0.915068
vn 0.403300 0.000000 -0.915068
vn 0.403300 0.000000 -0.915068
vn 0.403300 0.000000 -0.915068
vn 0.000000 0.000000 -1.000000
vn 0.000000 0.000000 -1.000000
vn 0.000000 0.000000 -1.000000
vn 0.000000 0.000000 -1.000000
vn 0.000000 0.000000 -1.000000
vn 0.000000 0.000000 -1.000000
vn 0.000000 0.000000 -1.000000
vn 0.000000 0.000000 -1.000000
vn 0.000000 0.000000 -1.000000
vn 0.000000 0.000000 -1.000000
vn 0.000000 0.000000 -1.000000
vn 0.000000 0.000000 -1.000000
vn 0.000000 0.000000 -1.000000
vn 0.000000 0.000000 -1.000000
vn 0.000000 0.000000 -1.000000
vn 0.000000 0.000000 -1.000000
vn 0.000000 0.000000 -1.000000
vn 0.000000 0.000000 -1.000000
vn 0.000000 0.000000 -1.000000
vn 0.000000 0.000000 -1.000000
vn 0.000000 0.000000 -1.000000
vn 0.000000 0.000000 -1.000000
vn 0.000000 0.000000 -1.000000
vn 0.000000 0.000000 -1.000000
vn 0.000000 0.000000 -1.000000
vn 0.000000 0.000000 -1.000000
vn 0.000000 0.000000 -1.000000
vn 0.000000 0.000000 -1.000000
vn 0.000000 0.000000 -1.000000
vn 0.000000 0.000000 -1.000000
vn 0.000000 0.000000 -1.000000
vn 0.000000 0.000000 -1.000000
vn 0.000000 0.000000 -1.000000
vn 0.000000 0.000000 -1.000000
vn 0.000000 0.000000 -1.000000
vn 0.000000 0.000000 -1.000000
vn 0.000000 0.000000 -1.000000
vn 0.000000 0.000000 -1.000000
vn 0.000000 0.000000 -1.000000
vn 0.000000 0.000000 -1.000000
vn 0.000000 0.000000 -1.000000
vn 0.000000 0.000000 -1.000000
vn 0.000000 0.000000 -1.000000
vn 0.000000 0.000000 -1.000000
vn 0.000000 0.000000 -1.000000
vn 0.000000 0.000000 -1.000000
vn 0.000000 0.000000 -1.000000
vn 0.000000 0.000000 -1.000000
vn 0.000000 0.000000 -1.000000
vn 0.000000 0.000000 -1.000000
vn 0.000000 0.000000 -1.000000
vn -0.104186 -0.104188 -0.989086
vn -0.104186 -0.104188 -0.989086
vn -0.104186 -0.104188 -0.989086
vn -0.104211 -0.104213 0.989080
vn -0.104211 -0.104213 0.989080
vn -0.104211 -0.104213 0.989080
vn 0.403300 0.000000 -0.915068
vn 0.403300 0.000000 -0.915068
vn 0.403300 0.000000 -0.915068
vn 0.000000 0.000000 -1.000000
vn 0.000000 0.000000 -1.000000
vn 0.000000 0.000000 -1.000000
vn 0.000000 0.000000 -1.000000
vn 0.000000 0.000000 -1.000000
vn 0.000000 0.000000 -1.000000
vn 0.000000 0.000000 -1.000000
vn 0.000000 0.000000 -1.000000
vn 0.000000 0.000000 -1.000000
vn 0.403300 0.000000 -0.915068
vn 0.403300 0.000000 -0.915068
vn 0.403300 0.000000 -0.915068
vn 0.403383 -0.000000 0.915031
vn 0.403383 -0.000000 0.915031
vn 0.403383 -0.000000 0.915031
vn 0.403383 -0.000000 0.915031
vn 0.403383 -0.000000 0.915031
vn 0.403383 -0.000000 0.915031
vn 0.000000 0.000000 1.000000
vn 0.000000 0.000000 1.000000
vn 0.000000 0.000000 1.000000
vn 0.000000 0.000000 1.000000
vn 0.000000 0.000000 1.000000
vn 0.000000 0.000000 1.000000
vn 0.000000 0.000000 1.000000
vn 0.000000 0.000000 1.000000
vn 0.000000 0.000000 1.000000
vn 0.000000 0.000000 1.000000
vn 0.000000 0.000000 1.000000
vn 0.000000 0.000000 1.000000
vn 0.000000 0.000000 1.000000
vn 0.000000 0.000000 1.000000
vn 0.000000 0.000000 1.000000
vn 0.000000 0.000000 1.000000
vn 0.000000 0.000000 1.000000
vn 0.000000 0.000000 1.000000
vn 0.000000 0.000000 1.000000
vn 0.000000 0.000000 1.000000
vn 0.000000 0.000000 1.000000
vn 0.000000 0.000000 1.000000
vn 0.000000 0.000000 1.000000
vn 0.000000 0.000000 1.000000
vn 0.000000 0.000000 1.000000
vn 0.000000 0.000000 1.000000
vn 0.000000 0.000000 1.000000
vn 0.000000 0.000000 -1.000000
vn 0.000000 0.000000 -1.000000
vn 0.000000 0.000000 -1.000000
vn 0.000000 0.000000 -1.000000
vn 0.000000 0.000000 -1.000000
vn 0.000000 0.000000 -1.000000
vn 0.000000 0.000000 -1.000000
vn 0.000000 0.000000 -1.000000
vn 0.000000 0.000000 -1.000000
vn 0.000000 0.000000 -1.000000
vn 0.000000 0.000000 -1.000000
vn 0.000000 0.000000 -1.000000
vn 0.000000 0.000000 -1.000000
vn 0.000000 0.000000 -1.000000
vn 0.000000 0.000000 -1.000000
vn 0.000000 0.000000 -1.000000
vn 0.000000 0.000000 -1.000000
vn 0.000000 0.000000 -1.000000
vn 0.000000 0.000000 -1.000000
vn 0.000000 0.000000 -1.000000
vn 0.000000 0.000000 -1.000000
vn 0.000000 0.000000 -1.000000
vn 0.000000 0.000000 -1.000000
vn 0.000000 0.000000 -1.000000
vn 0.000000 0.000000 -1.000000
vn 0.000000 0.000000 -1.000000
vn 0.000000 0.000000 -1.000000
vn 0.000000 0.000000 -1.000000
vn 0.000000 0.000000 -1.000000
vn 0.000000 0.000000 -1.000000
vn 0.000000 0.000000 -1.000000
vn 0.000000 0.000000 -1.000000
vn 0.000000 0.000000 -1.000000
vn -0.104179 -0.104183 -0.989087
vn -0.104179 -0.104183 -0.989087
vn -0.104179 -0.104183 -0.989087
vn -0.104212 -0.104216 0.989080
vn -0.104212 -0.104216 0.989080
vn -0.104212 -0.104216 0.989080
vn -0.104210 -0.104208 0.989081
vn -0.104210 -0.104208 0.989081
vn -0.104210 -0.104208 0.989081
vn 0.000000 0.000000 1.000000
vn 0.000000 0.000000 1.000000
vn 0.000000 0.000000 1.000000
vn 0.000000 0.000000 1.000000
vn 0.000000 0.000000 1.000000
vn 0.000000 0.000000 1.000000
vn 0.000000 0.000000 1.000000
vn 0.000000 0.000000 1.000000
vn 0.000000 0.000000 1.000000
vn 0.000000 0.000000 1.000000
vn 0.000000 0.000000 1.000000
vn 0.000000 0.000000 1.000000
vn 0.000000 0.000000 1.000000
vn 0.000000 0.000000 1.000000
vn 0.000000 0.000000 1.000000
vn 0.000000 0.000000 1.000000
vn 0.000000 0.000000 1.000000
vn 0.000000 0.000000 1.000000
vn 0.000000 0.000000 1.000000
vn 0.000000 0.000000 1.000000
vn 0.000000 0.000000 1.000000
vn 0.000000 0.000000 1.000000
vn 0.000000 0.000000 1.000000
vn 0.000000 0.000000 1.000000
vn 0.000000 0.000000 1.000000
vn 0.000000 0.000000 1.000000
vn 0.000000 0.000000 1.000000
vn 0.000000 0.000000 1.000000
vn 0.000000 0.000000 1.000000
vn 0.000000 0.000000 1.000000
vn 0.000000 0.000000 1.000000
vn 0.000000 0.000000 1.000000
vn 0.000000 0.000000 1.000000
vn 0.000000 0.000000 1.000000
vn 0.000000 0.000000 1.000000
vn 0.000000 0.000000 1.000000
vn 0.000000 0.000000 1.000000
vn 0.000000 0.000000 1.000000
vn 0.000000 0.000000 1.000000
vn -0.104187 -0.104183 -0.989086
vn -0.104187 -0.104183 -0.989086
vn -0.104187 -0.104183 -0.989086
vn -0.104212 -0.104208 0.989081
vn -0.104212 -0.104208 0.989081
vn -0.104212 -0.104208 0.989081
vn 0.000000 0.000000 -1.000000
vn 0.000000 0.000000 -1.000000
vn 0.000000 0.000000 -1.000000
vn 0.000000 0.000000 -1.000000
vn 0.000000 0.000000 -1.000000
vn 0.000000 0.000000 -1.000000
vn 0.000000 0.000000 -1.000000
vn 0.000000 0.000000 -1.000000
vn 0.000000 0.000000 -1.000000
vn 0.000000 0.000000 -1.000000
vn 0.000000 0.000000 -1.000000
vn 0.000000 0.000000 -1.000000
vn 0.000000 0.000000 -1.000000
vn 0.000000 0.000000 -1.000000
vn 0.000000 0.000000 -1.000000
vn 0.000000 0.000000 -1.000000
vn 0.000000 0.000000 -1.000000
vn 0.000000 0.000000 -1.000000
vn 0.000000 0.000000 -1.000000
vn 0.000000 0.000000 -1.000000
vn 0.000000 0.000000 -1.000000
vn 0.000000 0.000000 -1.000000
vn 0.000000 0.000000 -1.000000
vn 0.000000 0.000000 -1.000000
vn -0.104188 -0.104188 -0.989085
vn -0.104188 -0.104188 -0.989085
vn -0.104188 -0.104188 -0.989085
vn -0.104211 -0.104211 0.989080
vn -0.104211 -0.104211 0.989080
vn -0.104211 -0.104211 0.989080
vn -0.104186 -0.104188 -0.989086
vn -0.104186 -0.104188 -0.989086
vn -0.104186 -0.104188 -0.989086
vn -0.104186 -0.104188 -0.989086
vn -0.104186 -0.104188 -0.989086
vn -0.104186 -0.104188 -0.989086
vn -0.104211 -0.104213 0.989080
vn -0.104211 -0.104213 0.989080
vn -0.104211 -0.104213 0.989080
vn -0.104212 -0.104213 0.989080
vn -0.104212 -0.104213 0.989080
vn -0.104212 -0.104213 0.989080
vn 0.000000 0.000000 1.000000
vn 0.000000 0.000000 1.000000
vn 0.000000 0.000000 1.000000
vn 0.000000 0.000000 1.000000
vn 0.000000 0.000000 1.000000
vn 0.000000 0.000000 1.000000
vn 0.000000 0.000000 1.000000
vn 0.000000 0.000000 1.000000
vn 0.000000 0.000000 1.000000
vn 0.000000 0.000000 1.000000
vn 0.000000 0.000000 1.000000
vn 0.000000 0.000000 1.000000
vn 0.000000 0.000000 1.000000
vn 0.000000 0.000000 1.000000
vn 0.000000 0.000000 1.000000
vn 0.000000 0.000000 1.000000
vn 0.000000 0.000000 1.000000
vn 0.000000 0.000000 1.000000
vn 0.000000 0.000000 1.000000
vn 0.000000 0.000000 1.000000
vn 0.000000 0.000000 1.000000
vn 0.000000 0.000000 1.000000
vn 0.000000 0.000000 1.000000
vn 0.000000 0.000000 1.000000
vn 0.000000 0.000000 1.000000
vn 0.000000 0.000000 1.000000
vn 0.000000 0.000000 1.000000
vn 0.000000 0.000000 1.000000
vn 0.000000 0.000000 1.000000
vn 0.000000 0.000000 1.000000
vn 0.000000 0.000000 1.000000
vn 0.000000 0.000000 1.000000
vn 0.000000 0.000000 1.000000
vn 0.000000 0.000000 1.000000
vn 0.000000 0.000000 1.000000
vn 0.000000 0.000000 1.000000
vn 0.000000 0.000000 1.000000
vn 0.000000 0.000000 1.000000
vn 0.000000 0.000000 1.000000
vn 0.104211 0.104213 0.989080
vn 0.104211 0.104213 0.989080
vn 0.104211 0.104213 0.989080
vn 0.403300 0.000000 -0.915068
vn 0.403300 0.000000 -0.915068
vn 0.403300 0.000000 -0.915068
vn 0.000000 0.000000 -1.000000
vn 0.000000 0.000000 -1.000000
vn 0.000000 0.000000 -1.000000
vn 0.000000 0.000000 -1.000000
vn 0.000000 0.000000 -1.000000
vn 0.000000 0.000000 -1.000000
vn 0.000000 0.000000 -1.000000
vn 0.000000 0.000000 -1.000000
vn 0.000000 0.000000 -1.000000
vn 0.000000 0.000000 -1.000000
vn 0.000000 0.000000 -1.000000
vn 0.000000 0.000000 -1.000000
vn 0.000000 0.000000 -1.000000
vn 0.000000 0.000000 -1.000000
vn 0.000000 0.000000 -1.000000
vn 0.000000 0.000000 -1.000000
vn 0.000000 0.000000 -1.000000
vn 0.000000 0.000000 -1.000000
vn 0.000000 0.000000 -1.000000
vn 0.000000 0.000000 -1.000000
vn 0.000000 0.000000 -1.000000
vn 0.403300 0.000000 -0.915068
vn 0.403300 0.000000 -0.915068
vn 0.403300 0.000000 -0.915068
vn 0.401440 -0.095942 -0.910846
vn 0.401440 -0.095942 -0.910846
vn 0.401440 -0.095942 -0.910846
vn 0.104186 -0.104183 -0.989086
vn 0.104186 -0.104183 -0.989086
vn 0.104186 -0.104183 -0.989086
vn 0.104187 -0.104187 -0.989086
vn 0.104187 -0.104187 -0.989086
vn 0.104187 -0.104187 -0.989086
vn 0.104187 -0.104188 -0.989085
vn 0.104187 -0.104188 -0.989085
vn 0.104187 -0.104188 -0.989085
vn 0.104212 -0.104213 0.989080
vn 0.104212 -0.104213 0.989080
vn 0.104212 -0.104213 0.989080
vn 0.104213 -0.104213 0.989080
vn 0.104213 -0.104213 0.989080
vn 0.104213 -0.104213 0.989080
vn 0.104211 -0.104213 0.989080
vn 0.104211 -0.104213 0.989080
vn 0.104211 -0.104213 0.989080
vn 0.104211 -0.104208 0.989081
vn 0.104211 -0.104208 0.989081
vn 0.104211 -0.104208 0.989081
vn 0.104208 -0.104208 0.989081
vn 0.104208 -0.104208 0.989081
vn 0.104208 -0.104208 0.989081
vn 0.104187 -0.104187 -0.989086
vn 0.104187 -0.104187 -0.989086
vn 0.104187 -0.104187 -0.989086
vn 0.095945 -0.401458 -0.910838
vn 0.095945 -0.401458 -0.910838
vn 0.095945 -0.401458 -0.910838
vn 0.000000 -0.403319 -0.915060
vn 0.000000 -0.403319 -0.915060
vn 0.000000 -0.403319 -0.915060
vn 0.000000 -0.403319 -0.915060
vn 0.000000 -0.403319 -0.915060
vn 0.000000 -0.403319 -0.915060
vn -0.095945 -0.401458 -0.910838
vn -0.095945 -0.401458 -0.910838
vn -0.095945 -0.401458 -0.910838
vn -0.095964 -0.401540 0.910800
vn -0.095964 -0.401540 0.910800
vn -0.095964 -0.401540 0.910800
vn -0.104212 -0.104216 0.989080
vn -0.104212 -0.104216 0.989080
vn -0.104212 -0.104216 0.989080
vn 0.000000 0.000000 -1.000000
vn 0.000000 0.000000 -1.000000
vn 0.000000 0.000000 -1.000000
vn 0.000000 0.000000 -1.000000
vn 0.000000 0.000000 -1.000000
vn 0.000000 0.000000 -1.000000
vn 0.000000 0.000000 -1.000000
vn 0.000000 0.000000 -1.000000
vn 0.000000 0.000000 -1.000000
vn 0.000000 0.000000 -1.000000
vn 0.000000 0.000000 -1.000000
vn 0.000000 0.000000 -1.000000
vn 0.000000 0.000000 -1.000000
vn 0.000000 0.000000 -1.000000
vn 0.000000 0.000000 -1.000000
vn -0.104188 -0.104188 -0.989085
vn -0.104188 -0.104188 -0.989085
vn -0.104188 -0.104188 -0.989085
vn -0.104212 -0.104213 0.989080
vn -0.104212 -0.104213 0.989080
vn -0.104212 -0.104213 0.989080
vn 0.000000 0.000000 -1.000000
vn 0.000000 0.000000 -1.000000
vn 0.000000 0.000000 -1.000000
vn 0.000000 0.000000 -1.000000
vn 0.000000 0.000000 -1.000000
vn 0.000000 0.000000 -1.000000
vn 0.000000 0.000000 -1.000000
vn 0.000000 0.000000 -1.000000
vn 0.000000 0.000000 -1.000000
vn 0.000000 0.000000 -1.000000
vn 0.000000 0.000000 -1.000000
vn 0.000000 0.000000 -1.000000
vn 0.000000 0.000000 -1.000000
vn 0.000000 0.000000 -1.000000
vn 0.000000 0.000000 -1.000000
vn 0.000000 0.000000 -1.000000
vn 0.000000 0.000000 -1.000000
vn 0.000000 0.000000 -1.000000
vn 0.000000 0.000000 -1.000000
vn 0.000000 0.000000 -1.000000
vn 0.000000 0.000000 -1.000000
vn 0.000000 0.000000 -1.000000
vn 0.000000 0.000000 -1.000000
vn 0.000000 0.000000 -1.000000
vn 0.000000 0.000000 -1.000000
vn 0.000000 0.000000 -1.000000
vn 0.000000 0.000000 -1.000000
vn 0.000000 0.000000 -1.000000
vn 0.000000 0.000000 -1.000000
vn 0.000000 0.000000 -1.000000
vn -0.104183 -0.104183 -0.989086
vn -0.104183 -0.104183 -0.989086
vn -0.104183 -0.104183 -0.989086
vn -0.104211 -0.104211 0.989080
vn -0.104211 -0.104211 0.989080
vn -0.104211 -0.104211 0.989080
vn -0.104186 -0.104184 -0.989086
vn -0.104186 -0.104184 -0.989086
vn -0.104186 -0.104184 -0.989086
vn -0.104186 -0.104188 -0.989086
vn -0.104186 -0.104188 -0.989086
vn -0.104186 -0.104188 -0.989086
vn -0.104211 -0.104213 0.989080
vn -0.104211 -0.104213 0.989080
vn -0.104211 -0.104213 0.989080
vn -0.104212 -0.104213 0.989080
vn -0.104212 -0.104213 0.989080
vn -0.104212 -0.104213 0.989080
vn 0.000000 0.000000 1.000000
vn 0.000000 0.000000 1.000000
vn 0.000000 0.000000 1.000000
vn 0.000000 0.000000 1.000000
vn 0.000000 0.000000 1.000000
vn 0.000000 0.000000 1.000000
vn 0.000000 0.000000 1.000000
vn 0.000000 0.000000 1.000000
vn 0.000000 0.000000 1.000000
vn 0.000000 0.000000 1.000000
vn 0.000000 0.000000 1.000000
vn 0.000000 0.000000 1.000000
vn 0.000000 0.000000 1.000000
vn 0.000000 0.000000 1.000000
vn 0.000000 0.000000 1.000000
vn 0.000000 0.000000 1.000000
vn 0.000000 0.000000 1.000000
vn 0.000000 0.000000 1.000000
vn 0.000000 0.000000 1.000000
vn 0.000000 0.000000 1.000000
vn 0.000000 0.000000 1.000000
vn 0.000000 0.000000 1.000000
vn 0.000000 0.000000 1.000000
vn 0.000000 0.000000 1.000000
vn 0.000000 0.000000 1.000000
vn 0.000000 0.000000 1.000000
vn 0.000000 0.000000 1.000000
vn 0.000000 0.000000 1.000000
vn 0.000000 0.000000 1.000000
vn 0.000000 0.000000 1.000000
vn 0.000000 0.000000 1.000000
vn 0.000000 0.000000 1.000000
vn 0.000000 0.000000 1.000000
vn 0.104212 0.104212 0.989080
vn 0.104212 0.104212 0.989080
vn 0.104212 0.104212 0.989080
vn 0.104186 -0.104186 -0.989086
vn 0.104186 -0.104186 -0.989086
vn 0.104186 -0.104186 -0.989086
vn 0.104186 -0.104183 -0.989086
vn 0.104186 -0.104183 -0.989086
vn 0.104186 -0.104183 -0.989086
vn 0.104186 -0.104183 -0.989086
vn 0.104186 -0.104183 -0.989086
vn 0.104186 -0.104183 -0.989086
vn 0.104186 -0.104188 -0.989085
vn 0.104186 -0.104188 -0.989085
vn 0.104186 -0.104188 -0.989085
vn 0.000000 0.000000 -1.000000
vn 0.000000 0.000000 -1.000000
vn 0.000000 0.000000 -1.000000
vn 0.000000 0.000000 -1.000000
vn 0.000000 0.000000 -1.000000
vn 0.000000 0.000000 -1.000000
vn 0.000000 0.000000 -1.000000
vn 0.000000 0.000000 -1.000000
vn 0.000000 0.000000 -1.000000
vn 0.000000 0.000000 -1.000000
vn 0.000000 0.000000 -1.000000
vn 0.000000 0.000000 -1.000000
vn 0.000000 0.000000 -1.000000
vn 0.000000 0.000000 -1.000000
vn 0.000000 0.000000 -1.000000
vn 0.000000 0.000000 -1.000000
vn 0.000000 0.000000 -1.000000
vn 0.000000 0.000000 -1.000000
vn 0.000000 0.000000 -1.000000
vn 0.000000 0.000000 -1.000000
vn 0.000000 0.000000 -1.000000
vn 0.000000 0.000000 -1.000000
vn 0.000000 0.000000 -1.000000
vn 0.000000 0.000000 -1.000000
vn 0.000000 0.000000 -1.000000
vn 0.000000 0.000000 -1.000000
vn 0.000000 0.000000 -1.000000
vn 0.000000 0.000000 -1.000000
vn 0.000000 0.000000 -1.000000
vn 0.000000 0.000000 -1.000000
vn 0.000000 0.000000 -1.000000
vn 0.000000 0.000000 -1.000000
vn 0.000000 0.000000 -1.000000
vn -0.104188 -0.104188 -0.989085
vn -0.104188 -0.104188 -0.989085
vn -0.104188 -0.104188 -0.989085
vn -0.104212 -0.104213 0.989080
vn -0.104212 -0.104213 0.989080
vn -0.104212 -0.104213 0.989080
vn -0.104179 -0.104183 -0.989087
vn -0.104179 -0.104183 -0.989087
vn -0.104179 -0.104183 -0.989087
vn -0.104187 -0.104185 -0.989086
vn -0.104187 -0.104185 -0.989086
vn -0.104187 -0.104185 -0.989086
vn 0.095963 0.401540 0.910800
vn 0.095963 0.401540 0.910800
vn 0.095963 0.401540 0.910800
vn 0.000000 0.403402 0.915023
vn 0.000000 0.403402 0.915023
vn 0.000000 0.403402 0.915023
vn 0.000000 0.000000 1.000000
vn 0.000000 0.000000 1.000000
vn 0.000000 0.000000 1.000000
vn 0.000000 0.000000 1.000000
vn 0.000000 0.000000 1.000000
vn 0.000000 0.000000 1.000000
vn 0.000000 0.000000 1.000000
vn 0.000000 0.000000 1.000000
vn 0.000000 0.000000 1.000000
vn 0.000000 0.000000 1.000000
vn 0.000000 0.000000 1.000000
vn 0.000000 0.000000 1.000000
vn 0.000000 0.000000 1.000000
vn 0.000000 0.000000 1.000000
vn 0.000000 0.000000 1.000000
vn 0.000000 0.000000 1.000000
vn 0.000000 0.000000 1.000000
vn 0.000000 0.000000 1.000000
vn 0.000000 0.000000 1.000000
vn 0.000000 0.000000 1.000000
vn 0.000000 0.000000 1.000000
vn 0.000000 0.000000 1.000000
vn 0.000000 0.000000 1.000000
vn 0.000000 0.000000 1.000000
vn 0.000000 0.000000 1.000000
vn 0.000000 0.000000 1.000000
vn 0.000000 0.000000 1.000000
vn 0.000000 0.000000 1.000000
vn 0.000000 0.000000 1.000000
vn 0.000000 0.000000 1.000000
vn 0.000000 0.000000 1.000000
vn 0.000000 0.000000 1.000000
vn 0.000000 0.000000 1.000000
vn -0.095964 0.401540 0.910800
vn -0.095964 0.401540 0.910800
vn -0.095964 0.401540 0.910800
vn -0.104212 0.104210 0.989080
vn -0.104212 0.104210 0.989080
vn -0.104212 0.104210 0.989080
vn 0.000000 0.000000 1.000000
vn 0.000000 0.000000 1.000000
vn 0.000000 0.000000 1.000000
vn 0.000000 0.000000 1.000000
vn 0.000000 0.000000 1.000000
vn 0.000000 0.000000 1.000000
vn 0.000000 0.000000 1.000000
vn 0.000000 0.000000 1.000000
vn 0.000000 0.000000 1.000000
vn 0.000000 0.000000 1.000000
vn 0.000000 0.000000 1.000000
vn 0.000000 0.000000 1.000000
vn 0.316489 0.099398 0.943374
vn 0.316489 0.099398 0.943374
vn 0.316489 0.099398 0.943374
vn 0.104212 0.104212 0.989080
vn 0.104212 0.104212 0.989080
vn 0.104212 0.104212 0.989080
vn 0.000000 0.000000 1.000000
vn 0.000000 0.000000 1.000000
vn 0.000000 0.000000 1.000000
vn 0.000000 0.000000 1.000000
vn 0.000000 0.000000 1.000000
vn 0.000000 0.000000 1.000000
vn 0.000000 0.000000 1.000000
vn 0.000000 0.000000 1.000000
vn 0.000000 0.000000 1.000000
vn 0.000000 0.000000 1.000000
vn 0.000000 0.000000 1.000000
vn 0.000000 0.000000 1.000000
vn 0.000000 0.000000 1.000000
vn 0.000000 0.000000 1.000000
vn 0.000000 0.000000 1.000000
vn 0.000000 0.000000 1.000000
vn 0.000000 0.000000 1.000000
vn 0.000000 0.000000 1.000000
vn 0.000000 0.000000 1.000000
vn 0.000000 0.000000 1.000000
vn 0.000000 0.000000 1.000000
vn 0.000000 0.000000 1.000000
vn 0.000000 0.000000 1.000000
vn 0.000000 0.000000 1.000000
vn 0.000000 0.000000 1.000000
vn 0.000000 0.000000 1.000000
vn 0.000000 0.000000 1.000000
vn 0.000000 0.000000 1.000000
vn 0.000000 0.000000 1.000000
vn 0.000000 0.000000 1.000000
vn 0.000000 0.000000 1.000000
vn 0.000000 0.000000 1.000000
vn 0.000000 0.000000 1.000000
vn 0.000000 0.000000 1.000000
vn 0.000000 0.000000 1.000000
vn 0.000000 0.000000 1.000000
vn 0.000000 0.000000 1.000000
vn 0.000000 0.000000 1.000000
vn 0.000000 0.000000 1.000000
vn 0.000000 0.000000 1.000000
vn 0.000000 0.000000 1.000000
vn 0.000000 0.000000 1.000000
vn 0.000000 0.000000 1.000000
vn 0.000000 0.000000 1.000000
vn 0.000000 0.000000 1.000000
vn 0.000000 0.000000 1.000000
vn 0.000000 0.000000 1.000000
vn 0.000000 0.000000 1.000000
vn 0.000000 0.000000 1.000000
vn 0.000000 0.000000 1.000000
vn 0.000000 0.000000 1.000000
vn 0.000000 0.000000 1.000000
vn 0.000000 0.000000 1.000000
vn 0.000000 0.000000 1.000000
vn 0.000000 0.000000 1.000000
vn 0.000000 0.000000 1.000000
vn 0.000000 0.000000 1.000000
vn 0.000000 0.000000 1.000000
vn 0.000000 0.000000 1.000000
vn 0.000000 0.000000 1.000000
vn 0.000000 0.000000 1.000000
vn 0.000000 0.000000 1.000000
vn 0.000000 0.000000 1.000000
vn 0.000000 0.000000 1.000000
vn 0.000000 0.000000 1.000000
vn 0.000000 0.000000 1.000000
vn 0.000000 0.000000 1.000000
vn 0.000000 0.000000 1.000000
vn 0.000000 0.000000 1.000000
vn 0.000000 0.000000 1.000000
vn 0.000000 0.000000 1.000000
vn 0.000000 0.000000 1.000000
vn 0.000000 0.000000 1.000000
vn 0.000000 0.000000 1.000000
vn 0.000000 0.000000 1.000000
vn 0.000000 0.000000 1.000000
vn 0.000000 0.000000 1.000000
vn 0.000000 0.000000 1.000000
vn 0.000000 0.000000 1.000000
vn 0.000000 0.000000 1.000000
vn 0.000000 0.000000 1.000000
vn 0.000000 0.000000 1.000000
vn 0.000000 0.000000 1.000000
vn 0.000000 0.000000 1.000000
vn 0.000000 0.000000 1.000000
vn 0.000000 0.000000 1.000000
vn 0.000000 0.000000 1.000000
vn 0.000000 0.000000 1.000000
vn 0.000000 0.000000 1.000000
vn 0.000000 0.000000 1.000000
vn 0.000000 0.000000 1.000000
vn 0.000000 0.000000 1.000000
vn 0.000000 0.000000 1.000000
vn 0.000000 0.000000 1.000000
vn 0.000000 0.000000 1.000000
vn 0.000000 0.000000 1.000000
vn 0.000000 0.000000 1.000000
vn 0.000000 0.000000 1.000000
vn 0.000000 0.000000 1.000000
vn 0.000000 0.000000 1.000000
vn 0.000000 0.000000 1.000000
vn 0.000000 0.000000 1.000000
vn 0.000000 0.000000 1.000000
vn 0.000000 0.000000 1.000000
vn 0.000000 0.000000 1.000000
vn 0.000000 0.000000 1.000000
vn 0.000000 0.000000 1.000000
vn 0.000000 0.000000 1.000000
vn 0.000000 0.000000 1.000000
vn 0.000000 0.000000 1.000000
vn 0.000000 0.000000 1.000000
vn 0.000000 0.000000 1.000000
vn 0.000000 0.000000 1.000000
vn 0.000000 0.000000 1.000000
vn 0.000000 0.000000 1.000000
vn 0.000000 0.000000 1.000000
vn 0.000000 0.000000 1.000000
vn 0.000000 0.000000 1.000000
vn 0.000000 0.000000 1.000000
vn 0.000000 0.000000 1.000000
vn -0.104208 0.104208 0.989081
vn -0.104208 0.104208 0.989081
vn -0.104208 0.104208 0.989081
vn -0.104212 0.104208 0.989081
vn -0.104212 0.104208 0.989081
vn -0.104212 0.104208 0.989081
vn -0.104782 0.000000 0.994495
vn -0.104782 0.000000 0.994495
vn -0.104782 0.000000 0.994495
vn -0.104211 0.104209 0.989081
vn -0.104211 0.104209 0.989081
vn -0.104211 0.104209 0.989081
vn 0.000000 0.000000 1.000000
vn 0.000000 0.000000 1.000000
vn 0.000000 0.000000 1.000000
vn 0.401540 0.095965 0.910800
vn 0.401540 0.095965 0.910800
vn 0.401540 0.095965 0.910800
vn 0.000000 0.000000 1.000000
vn 0.000000 0.000000 1.000000
vn 0.000000 0.000000 1.000000
vn 0.000000 0.000000 1.000000
vn 0.000000 0.000000 1.000000
vn 0.000000 0.000000 1.000000
vn 0.000000 0.000000 1.000000
vn 0.000000 0.000000 1.000000
vn 0.000000 0.000000 1.000000
vn 0.000000 0.000000 1.000000
vn 0.000000 0.000000 1.000000
vn 0.000000 0.000000 1.000000
vn 0.000000 0.000000 1.000000
vn 0.000000 0.000000 1.000000
vn 0.000000 0.000000 1.000000
vn 0.000000 0.000000 1.000000
vn 0.000000 0.000000 1.000000
vn 0.000000 0.000000 1.000000
vn 0.000000 0.000000 1.000000
vn 0.000000 0.000000 1.000000
vn 0.000000 0.000000 1.000000
vn 0.000000 0.000000 1.000000
vn 0.000000 0.000000 1.000000
vn 0.000000 0.000000 1.000000
vn 0.401521 0.095966 0.910808
vn 0.401521 0.095966 0.910808
vn 0.401521 0.095966 0.910808
vn 0.000000 0.000000 1.000000
vn 0.000000 0.000000 1.000000
vn 0.000000 0.000000 1.000000
vn 0.000000 0.000000 1.000000
vn 0.000000 0.000000 1.000000
vn 0.000000 0.000000 1.000000
vn 0.000000 0.000000 1.000000
vn 0.000000 0.000000 1.000000
vn 0.000000 0.000000 1.000000
vn 0.000000 0.000000 1.000000
vn 0.000000 0.000000 1.000000
vn 0.000000 0.000000 1.000000
vn 0.000000 0.000000 1.000000
vn 0.000000 0.000000 1.000000
vn 0.000000 0.000000 1.000000
vn 0.000000 0.000000 1.000000
vn 0.000000 0.000000 1.000000
vn 0.000000 0.000000 1.000000
vn 0.000000 0.000000 1.000000
vn 0.000000 0.000000 1.000000
vn 0.000000 0.000000 1.000000
vn 0.000000 0.000000 1.000000
vn 0.000000 0.000000 1.000000
vn 0.000000 0.000000 1.000000
vn 0.000000 0.000000 1.000000
vn 0.000000 0.000000 1.000000
vn 0.000000 0.000000 1.000000
vn 0.000000 0.000000 1.000000
vn 0.000000 0.000000 1.000000
vn 0.000000 0.000000 1.000000
vn 0.000000 0.000000 1.000000
vn 0.000000 0.000000 1.000000
vn 0.000000 0.000000 1.000000
vn 0.403383 -0.000000 0.915031
vn 0.403383 -0.000000 0.915031
vn 0.403383 -0.000000 0.915031
vn 0.000000 0.000000 1.000000
vn 0.000000 0.000000 1.000000
vn 0.000000 0.000000 1.000000
vn 0.000000 0.000000 1.000000
vn 0.000000 0.000000 1.000000
vn 0.000000 0.000000 1.000000
vn 0.000000 0.000000 1.000000
vn 0.000000 0.000000 1.000000
vn 0.000000 0.000000 1.000000
vn 0.000000 0.000000 1.000000
vn 0.000000 0.000000 1.000000
vn 0.000000 0.000000 1.000000
vn 0.000000 0.000000 1.000000
vn 0.000000 0.000000 1.000000
vn 0.000000 0.000000 1.000000
vn 0.000000 0.000000 1.000000
vn 0.000000 0.000000 1.000000
vn 0.000000 0.000000 1.000000
vn 0.000000 0.000000 1.000000
vn 0.000000 0.000000 1.000000
vn 0.000000 0.000000 1.000000
vn 0.000000 -0.403402 0.915023
vn 0.000000 -0.403402 0.915023
vn 0.000000 -0.403402 0.915023
vn 0.403383 -0.000000 0.915031
vn 0.403383 -0.000000 0.915031
vn 0.403383 -0.000000 0.915031
vn 0.000000 0.000000 1.000000
vn 0.000000 0.000000 1.000000
vn 0.000000 0.000000 1.000000
vn 0.000000 0.000000 1.000000
vn 0.000000 0.000000 1.000000
vn 0.000000 0.000000 1.000000
vn 0.401522 -0.095961 0.910808
vn 0.401522 -0.095961 0.910808
vn 0.401522 -0.095961 0.910808
vn 0.104208 -0.104208 0.989081
vn 0.104208 -0.104208 0.989081
vn 0.104208 -0.104208 0.989081
vn 0.104212 -0.104209 0.989081
vn 0.104212 -0.104209 0.989081
vn 0.104212 -0.104209 0.989081
vn 0.000000 0.000000 1.000000
vn 0.000000 0.000000 1.000000
vn 0.000000 0.000000 1.000000
vn 0.104212 -0.104209 0.989081
vn 0.104212 -0.104209 0.989081
vn 0.104212 -0.104209 0.989081
vn 0.095964 -0.401540 0.910800
vn 0.095964 -0.401540 0.910800
vn 0.095964 -0.401540 0.910800
vn 0.000000 -0.403402 0.915023
vn 0.000000 -0.403402 0.915023
vn 0.000000 -0.403402 0.915023
s off
g polySurface1 _Users_User_Desktop_TeethProject_teeth_slice_P2_18_2_18_slice9_stl
usemtl initialShadingGroup
f 171//1 167//2 169//3
f 169//4 167//5 140//6
f 169//7 140//8 139//9
f 139//10 140//11 112//12
f 139//13 112//14 110//15
f 110//16 112//17 85//18
f 110//19 85//20 83//21
f 83//22 85//23 60//24
f 83//25 60//26 58//27
f 58//28 60//29 38//30
f 58//31 38//32 36//33
f 36//34 38//35 20//36
f 36//37 20//38 18//39
f 18//40 20//41 6//42
f 18//43 6//44 16//45
f 16//46 6//47 4//48
f 16//49 4//50 12//51
f 12//52 4//53 5//54
f 12//55 5//56 15//57
f 15//58 5//59 17//60
f 15//61 17//62 33//63
f 33//64 17//65 35//66
f 33//67 35//68 55//69
f 55//70 35//71 57//72
f 55//73 57//74 80//75
f 80//76 57//77 82//78
f 80//79 82//80 107//81
f 107//82 82//83 109//84
f 107//85 109//86 136//87
f 136//88 109//89 138//90
f 136//91 138//92 167//93
f 167//94 138//95 140//96
f 113//97 138//98 111//99
f 111//100 138//101 109//102
f 111//103 109//104 84//105
f 84//106 109//107 82//108
f 84//109 82//110 59//111
f 59//112 82//113 57//114
f 59//115 57//116 37//117
f 37//118 57//119 35//120
f 37//121 35//122 19//123
f 19//124 35//125 17//126
f 19//127 17//128 5//129
f 138//130 113//131 140//132
f 140//133 113//134 112//135
f 88//136 111//137 86//138
f 86//139 111//140 84//141
f 86//142 84//143 61//144
f 61//145 84//146 59//147
f 61//148 59//149 39//150
f 39//151 59//152 37//153
f 39//154 37//155 21//156
f 21//157 37//158 19//159
f 21//160 19//161 7//162
f 7//163 19//164 5//165
f 7//166 5//167 3//168
f 3//169 5//170 4//171
f 3//172 4//173 6//174
f 111//175 88//176 113//177
f 113//178 88//179 87//180
f 113//181 87//182 112//183
f 112//184 87//185 85//186
f 65//187 86//188 63//189
f 63//190 86//191 61//192
f 63//193 61//194 41//195
f 41//196 61//197 39//198
f 41//199 39//200 23//201
f 23//202 39//203 21//204
f 23//205 21//206 9//207
f 9//208 21//209 7//210
f 9//211 7//212 1//213
f 1//214 7//215 3//216
f 1//217 3//218 6//219
f 86//220 65//221 88//222
f 88//223 65//224 64//225
f 88//226 64//227 87//228
f 87//229 64//230 62//231
f 87//232 62//233 85//234
f 85//235 62//236 60//237
f 65//238 63//239 45//240
f 45//241 63//242 43//243
f 45//244 43//245 42//246
f 42//247 43//248 27//249
f 42//250 27//251 24//252
f 24//253 27//254 25//255
f 24//256 25//257 13//258
f 13//259 25//260 23//261
f 13//262 23//263 11//264
f 11//265 23//266 9//267
f 11//268 9//269 2//270
f 2//271 9//272 1//273
f 2//274 1//275 8//276
f 8//277 1//278 6//279
f 8//280 6//281 20//282
f 229//283 225//284 227//285
f 227//286 225//287 199//288
f 227//289 199//290 198//291
f 198//292 199//293 168//294
f 198//295 168//296 166//297
f 166//298 168//299 137//300
f 166//301 137//302 135//303
f 135//304 137//305 108//306
f 135//307 108//308 106//309
f 106//310 108//311 81//312
f 106//313 81//314 79//315
f 79//316 81//317 56//318
f 79//319 56//320 54//321
f 54//322 56//323 34//324
f 54//325 34//326 32//327
f 32//328 34//329 16//330
f 32//331 16//332 30//333
f 30//334 16//335 14//336
f 30//337 14//338 26//339
f 26//340 14//341 15//342
f 26//343 15//344 29//345
f 29//346 15//347 31//348
f 29//349 31//350 51//351
f 51//352 31//353 53//354
f 51//355 53//356 76//357
f 76//358 53//359 78//360
f 76//361 78//362 103//363
f 103//364 78//365 105//366
f 103//367 105//368 132//369
f 132//370 105//371 134//372
f 132//373 134//374 163//375
f 163//376 134//377 165//378
f 163//379 165//380 197//381
f 197//382 165//383 167//384
f 197//385 167//386 171//387
f 199//388 225//389 197//390
f 197//391 225//392 195//393
f 197//394 195//395 163//396
f 163//397 195//398 161//399
f 163//400 161//401 132//402
f 132//403 161//404 130//405
f 132//406 130//407 103//408
f 103//409 130//410 101//411
f 103//412 101//413 76//414
f 76//415 101//416 74//417
f 76//418 74//419 51//420
f 51//421 74//422 49//423
f 51//424 49//425 29//426
f 29//427 49//428 47//429
f 29//430 47//431 44//432
f 44//433 47//434 46//435
f 44//436 46//437 48//438
f 48//439 46//440 69//441
f 48//442 69//443 71//444
f 71//445 69//446 96//447
f 71//448 96//449 98//450
f 98//451 96//452 125//453
f 98//454 125//455 127//456
f 127//457 125//458 156//459
f 127//460 156//461 158//462
f 158//463 156//464 190//465
f 158//466 190//467 192//468
f 192//469 190//470 220//471
f 192//472 220//473 222//474
f 222//475 220//476 250//477
f 222//478 250//479 252//480
f 252//481 250//482 256//483
f 252//484 256//485 254//486
f 254//487 256//488 249//489
f 254//490 249//491 251//492
f 251//493 249//494 221//495
f 251//496 221//497 223//498
f 223//499 221//500 193//501
f 223//502 193//503 195//504
f 195//505 193//506 161//507
f 197//508 171//509 199//510
f 199//511 171//512 168//513
f 167//514 165//515 136//516
f 136//517 165//518 134//519
f 136//520 134//521 107//522
f 107//523 134//524 105//525
f 107//526 105//527 80//528
f 80//529 105//530 78//531
f 80//532 78//533 55//534
f 55//535 78//536 53//537
f 55//538 53//539 33//540
f 33//541 53//542 31//543
f 33//544 31//545 15//546
f 63//547 41//548 43//549
f 43//550 41//551 27//552
f 254//553 251//554 253//555
f 253//556 251//557 229//558
f 253//559 229//560 226//561
f 226//562 229//563 227//564
f 226//565 227//566 198//567
f 229//568 251//569 225//570
f 225//571 251//572 223//573
f 225//574 223//575 195//576
f 27//577 41//578 25//579
f 25//580 41//581 23//582
f 275//583 272//584 274//585
f 274//586 272//587 256//588
f 274//589 256//590 250//591
f 256//592 272//593 249//594
f 249//595 272//596 247//597
f 249//598 247//599 219//600
f 219//601 247//602 217//603
f 219//604 217//605 189//606
f 189//607 217//608 187//609
f 189//610 187//611 155//612
f 155//613 187//614 153//615
f 155//616 153//617 124//618
f 124//619 153//620 122//621
f 124//622 122//623 95//624
f 95//625 122//626 93//627
f 95//628 93//629 68//630
f 68//631 93//632 91//633
f 68//634 91//635 89//636
f 89//637 91//638 90//639
f 89//640 90//641 92//642
f 92//643 90//644 117//645
f 92//646 117//647 119//648
f 119//649 117//650 148//651
f 119//652 148//653 150//654
f 150//655 148//656 182//657
f 150//658 182//659 184//660
f 184//661 182//662 212//663
f 184//664 212//665 214//666
f 214//667 212//668 242//669
f 214//670 242//671 244//672
f 244//673 242//674 269//675
f 244//676 269//677 271//678
f 271//679 269//680 278//681
f 271//682 278//683 276//684
f 276//685 278//686 268//687
f 276//688 268//689 270//690
f 270//691 268//692 243//693
f 270//694 243//695 245//696
f 245//697 243//698 215//699
f 245//700 215//701 217//702
f 217//703 215//704 187//705
f 249//706 219//707 221//708
f 221//709 219//710 191//711
f 221//712 191//713 193//714
f 193//715 191//716 159//717
f 193//718 159//719 161//720
f 161//721 159//722 130//723
f 275//724 270//725 272//726
f 272//727 270//728 245//729
f 272//730 245//731 247//732
f 247//733 245//734 217//735
f 270//736 275//737 276//738
f 276//739 275//740 273//741
f 276//742 273//743 271//744
f 271//745 273//746 246//747
f 271//748 246//749 244//750
f 244//751 246//752 216//753
f 244//754 216//755 214//756
f 214//757 216//758 186//759
f 214//760 186//761 184//762
f 184//763 186//764 152//765
f 184//766 152//767 150//768
f 150//769 152//770 121//771
f 150//772 121//773 119//774
f 119//775 121//776 92//777
f 219//778 189//779 191//780
f 191//781 189//782 157//783
f 191//784 157//785 159//786
f 159//787 157//788 128//789
f 159//790 128//791 130//792
f 130//793 128//794 101//795
f 189//796 155//797 157//798
f 157//799 155//800 126//801
f 157//802 126//803 128//804
f 128//805 126//806 99//807
f 128//808 99//809 101//810
f 101//811 99//812 74//813
f 292//814 286//815 288//816
f 288//817 286//818 278//819
f 288//820 278//821 269//822
f 278//823 286//824 268//825
f 268//826 286//827 266//828
f 268//829 266//830 241//831
f 241//832 266//833 239//834
f 241//835 239//836 211//837
f 211//838 239//839 209//840
f 211//841 209//842 181//843
f 181//844 209//845 179//846
f 181//847 179//848 147//849
f 147//850 179//851 145//852
f 147//853 145//854 116//855
f 116//856 145//857 143//858
f 116//859 143//860 141//861
f 141//862 143//863 142//864
f 141//865 142//866 144//867
f 144//868 142//869 174//870
f 144//871 174//872 176//873
f 176//874 174//875 204//876
f 176//877 204//878 206//879
f 206//880 204//881 234//882
f 206//883 234//884 236//885
f 236//886 234//887 261//888
f 236//889 261//890 263//891
f 263//892 261//893 283//894
f 263//895 283//896 285//897
f 285//898 283//899 290//900
f 285//901 290//902 291//903
f 291//904 290//905 282//906
f 291//907 282//908 284//909
f 284//910 282//911 262//912
f 284//913 262//914 264//915
f 264//916 262//917 237//918
f 264//919 237//920 239//921
f 239//922 237//923 209//924
f 268//925 241//926 243//927
f 243//928 241//929 213//930
f 243//931 213//932 215//933
f 215//934 213//935 185//936
f 215//937 185//938 187//939
f 187//940 185//941 153//942
f 155//943 124//944 126//945
f 126//946 124//947 97//948
f 126//949 97//950 99//951
f 99//952 97//953 72//954
f 99//955 72//956 74//957
f 74//958 72//959 49//960
f 15//961 14//962 12//963
f 12//964 14//965 16//966
f 292//967 284//968 286//969
f 286//970 284//971 264//972
f 286//973 264//974 266//975
f 266//976 264//977 239//978
f 284//979 292//980 291//981
f 291//982 292//983 287//984
f 291//985 287//986 285//987
f 285//988 287//989 265//990
f 285//991 265//992 263//993
f 263//994 265//995 238//996
f 263//997 238//998 236//999
f 236//1000 238//1001 208//1002
f 236//1003 208//1004 206//1005
f 206//1006 208//1007 178//1008
f 206//1009 178//1010 176//1011
f 176//1012 178//1013 144//1014
f 241//1015 211//1016 213//1017
f 213//1018 211//1019 183//1020
f 213//1021 183//1022 185//1023
f 185//1024 183//1025 151//1026
f 185//1027 151//1028 153//1029
f 153//1030 151//1031 122//1032
f 124//1033 95//1034 97//1035
f 97//1036 95//1037 70//1038
f 97//1039 70//1040 72//1041
f 72//1042 70//1043 47//1044
f 72//1045 47//1046 49//1047
f 29//1048 44//1049 28//1050
f 28//1051 44//1052 48//1053
f 28//1054 48//1055 30//1056
f 30//1057 48//1058 50//1059
f 30//1060 50//1061 52//1062
f 52//1063 50//1064 75//1065
f 52//1066 75//1067 77//1068
f 77//1069 75//1070 102//1071
f 77//1072 102//1073 104//1074
f 104//1075 102//1076 131//1077
f 104//1078 131//1079 133//1080
f 133//1081 131//1082 162//1083
f 133//1084 162//1085 164//1086
f 164//1087 162//1088 196//1089
f 164//1090 196//1091 198//1092
f 198//1093 196//1094 226//1095
f 29//1096 28//1097 26//1098
f 26//1099 28//1100 30//1101
f 211//1102 181//1103 183//1104
f 183//1105 181//1106 149//1107
f 183//1108 149//1109 151//1110
f 151//1111 149//1112 120//1113
f 151//1114 120//1115 122//1116
f 122//1117 120//1118 93//1119
f 95//1120 68//1121 70//1122
f 70//1123 68//1124 47//1125
f 47//1126 66//1127 46//1128
f 46//1129 66//1130 69//1131
f 47//1132 68//1133 66//1134
f 66//1135 68//1136 67//1137
f 66//1138 67//1139 69//1140
f 69//1141 67//1142 92//1143
f 69//1144 92//1145 94//1146
f 94//1147 92//1148 121//1149
f 94//1150 121//1151 123//1152
f 123//1153 121//1154 152//1155
f 123//1156 152//1157 154//1158
f 154//1159 152//1160 186//1161
f 154//1162 186//1163 188//1164
f 188//1165 186//1166 216//1167
f 188//1168 216//1169 218//1170
f 218//1171 216//1172 246//1173
f 218//1174 246//1175 248//1176
f 248//1177 246//1178 273//1179
f 248//1180 273//1181 250//1182
f 250//1183 273//1184 274//1185
f 290//1186 280//1187 282//1188
f 282//1189 280//1190 260//1191
f 282//1192 260//1193 262//1194
f 262//1195 260//1196 235//1197
f 262//1198 235//1199 237//1200
f 237//1201 235//1202 207//1203
f 237//1204 207//1205 209//1206
f 209//1207 207//1208 179//1209
f 290//1210 289//1211 280//1212
f 280//1213 289//1214 279//1215
f 280//1216 279//1217 258//1218
f 258//1219 279//1220 277//1221
f 258//1222 277//1223 257//1224
f 257//1225 277//1226 259//1227
f 257//1228 259//1229 255//1230
f 255//1231 259//1232 232//1233
f 255//1234 232//1235 230//1236
f 230//1237 232//1238 228//1239
f 230//1240 228//1241 201//1242
f 201//1243 228//1244 200//1245
f 201//1246 200//1247 173//1248
f 173//1249 200//1250 172//1251
f 173//1252 172//1253 170//1254
f 170//1255 172//1256 174//1257
f 170//1258 174//1259 142//1260
f 181//1261 147//1262 149//1263
f 149//1264 147//1265 118//1266
f 149//1267 118//1268 120//1269
f 120//1270 118//1271 91//1272
f 120//1273 91//1274 93//1275
f 68//1276 89//1277 67//1278
f 67//1279 89//1280 92//1281
f 280//1282 258//1283 260//1284
f 260//1285 258//1286 233//1287
f 260//1288 233//1289 235//1290
f 235//1291 233//1292 205//1293
f 235//1294 205//1295 207//1296
f 207//1297 205//1298 177//1299
f 207//1300 177//1301 179//1302
f 179//1303 177//1304 145//1305
f 147//1306 116//1307 118//1308
f 118//1309 116//1310 91//1311
f 91//1312 114//1313 90//1314
f 90//1315 114//1316 117//1317
f 91//1318 116//1319 114//1320
f 114//1321 116//1322 115//1323
f 114//1324 115//1325 117//1326
f 117//1327 115//1328 144//1329
f 117//1330 144//1331 146//1332
f 146//1333 144//1334 178//1335
f 146//1336 178//1337 180//1338
f 180//1339 178//1340 208//1341
f 180//1342 208//1343 210//1344
f 210//1345 208//1346 238//1347
f 210//1348 238//1349 240//1350
f 240//1351 238//1352 265//1353
f 240//1354 265//1355 267//1356
f 267//1357 265//1358 287//1359
f 267//1360 287//1361 269//1362
f 269//1363 287//1364 288//1365
f 257//1366 255//1367 231//1368
f 231//1369 255//1370 230//1371
f 231//1372 230//1373 201//1374
f 257//1375 231//1376 258//1377
f 258//1378 231//1379 233//1380
f 205//1381 233//1382 203//1383
f 203//1384 233//1385 231//1386
f 203//1387 231//1388 201//1389
f 177//1390 205//1391 175//1392
f 175//1393 205//1394 203//1395
f 175//1396 203//1397 173//1398
f 173//1399 203//1400 201//1401
f 145//1402 177//1403 143//1404
f 143//1405 177//1406 175//1407
f 143//1408 175//1409 173//1410
f 116//1411 141//1412 115//1413
f 115//1414 141//1415 144//1416
f 142//1417 143//1418 170//1419
f 170//1420 143//1421 173//1422
f 171//1423 169//1424 168//1425
f 168//1426 169//1427 139//1428
f 168//1429 139//1430 137//1431
f 137//1432 139//1433 110//1434
f 137//1435 110//1436 108//1437
f 108//1438 110//1439 83//1440
f 108//1441 83//1442 81//1443
f 81//1444 83//1445 58//1446
f 81//1447 58//1448 56//1449
f 56//1450 58//1451 36//1452
f 56//1453 36//1454 34//1455
f 34//1456 36//1457 18//1458
f 34//1459 18//1460 16//1461
f 65//1462 45//1463 64//1464
f 64//1465 45//1466 42//1467
f 64//1468 42//1469 62//1470
f 62//1471 42//1472 40//1473
f 62//1474 40//1475 60//1476
f 60//1477 40//1478 38//1479
f 254//1480 253//1481 252//1482
f 252//1483 253//1484 226//1485
f 252//1486 226//1487 224//1488
f 224//1489 226//1490 196//1491
f 224//1492 196//1493 194//1494
f 194//1495 196//1496 162//1497
f 194//1498 162//1499 160//1500
f 160//1501 162//1502 131//1503
f 160//1504 131//1505 129//1506
f 129//1507 131//1508 102//1509
f 129//1510 102//1511 100//1512
f 100//1513 102//1514 75//1515
f 100//1516 75//1517 73//1518
f 73//1519 75//1520 50//1521
f 73//1522 50//1523 48//1524
f 198//1525 166//1526 164//1527
f 164//1528 166//1529 135//1530
f 164//1531 135//1532 133//1533
f 133//1534 135//1535 106//1536
f 133//1537 106//1538 104//1539
f 104//1540 106//1541 79//1542
f 104//1543 79//1544 77//1545
f 77//1546 79//1547 54//1548
f 77//1549 54//1550 52//1551
f 52//1552 54//1553 32//1554
f 52//1555 32//1556 30//1557
f 42//1558 24//1559 40//1560
f 40//1561 24//1562 22//1563
f 40//1564 22//1565 38//1566
f 38//1567 22//1568 20//1569
f 252//1570 224//1571 222//1572
f 222//1573 224//1574 194//1575
f 222//1576 194//1577 192//1578
f 192//1579 194//1580 160//1581
f 192//1582 160//1583 158//1584
f 158//1585 160//1586 129//1587
f 158//1588 129//1589 127//1590
f 127//1591 129//1592 100//1593
f 127//1594 100//1595 98//1596
f 98//1597 100//1598 73//1599
f 98//1600 73//1601 71//1602
f 71//1603 73//1604 48//1605
f 13//1606 11//1607 10//1608
f 10//1609 11//1610 2//1611
f 10//1612 2//1613 8//1614
f 13//1615 10//1616 24//1617
f 24//1618 10//1619 22//1620
f 274//1621 273//1622 275//1623
f 250//1624 220//1625 248//1626
f 248//1627 220//1628 218//1629
f 10//1630 8//1631 22//1632
f 22//1633 8//1634 20//1635
f 220//1636 190//1637 218//1638
f 218//1639 190//1640 188//1641
f 190//1642 156//1643 188//1644
f 188//1645 156//1646 154//1647
f 288//1648 287//1649 292//1650
f 269//1651 242//1652 267//1653
f 267//1654 242//1655 240//1656
f 156//1657 125//1658 154//1659
f 154//1660 125//1661 123//1662
f 242//1663 212//1664 240//1665
f 240//1666 212//1667 210//1668
f 125//1669 96//1670 123//1671
f 123//1672 96//1673 94//1674
f 212//1675 182//1676 210//1677
f 210//1678 182//1679 180//1680
f 69//1681 94//1682 96//1683
f 289//1684 283//1685 281//1686
f 281//1687 283//1688 261//1689
f 281//1690 261//1691 259//1692
f 259//1693 261//1694 234//1695
f 259//1696 234//1697 232//1698
f 232//1699 234//1700 204//1701
f 232//1702 204//1703 202//1704
f 202//1705 204//1706 174//1707
f 202//1708 174//1709 172//1710
f 290//1711 283//1712 289//1713
f 182//1714 148//1715 180//1716
f 180//1717 148//1718 146//1719
f 289//1720 281//1721 279//1722
f 279//1723 281//1724 277//1725
f 277//1726 281//1727 259//1728
f 117//1729 146//1730 148//1731
f 232//1732 202//1733 228//1734
f 228//1735 202//1736 200//1737
f 172//1738 200//1739 202//1740
