# This file uses centimeters as units for non-parametric coordinates.

mtllib 3_3_slice7.mtl
g default
v -5.635290 94.199997 74.400002
v -5.635290 94.400002 74.400002
v -5.600000 94.052399 74.400002
v -5.600000 94.199997 74.384399
v -5.600000 94.199997 74.415604
v -5.600000 94.400002 74.384399
v -5.600000 94.400002 74.415604
v -5.600000 94.547600 74.400002
v -5.547650 94.000000 74.400002
v -5.547650 94.599998 74.400002
v -5.400000 93.852402 74.400002
v -5.400000 94.000000 74.384399
v -5.400000 94.000000 74.415604
v -5.400000 94.199997 74.384399
v -5.400000 94.199997 74.415604
v -5.400000 94.400002 74.384399
v -5.400000 94.400002 74.415604
v -5.400000 94.599998 74.384399
v -5.400000 94.599998 74.415604
v -5.400000 94.646400 74.400002
v -5.347650 93.800003 74.400002
v -5.200000 93.753601 74.400002
v -5.200000 93.800003 74.384399
v -5.200000 93.800003 74.415604
v -5.200000 94.000000 74.384399
v -5.200000 94.000000 74.415604
v -5.200000 94.199997 74.384399
v -5.200000 94.199997 74.415604
v -5.200000 94.400002 74.384399
v -5.200000 94.400002 74.415604
v -5.200000 94.599998 74.384399
v -5.200000 94.599998 74.415604
v -5.200000 94.747704 74.400002
v -5.147650 94.800003 74.400002
v -5.000000 93.652397 74.400002
v -5.000000 93.800003 74.384399
v -5.000000 93.800003 74.415604
v -5.000000 94.000000 74.384399
v -5.000000 94.000000 74.415604
v -5.000000 94.199997 74.384399
v -5.000000 94.199997 74.415604
v -5.000000 94.400002 74.384399
v -5.000000 94.400002 74.415604
v -5.000000 94.599998 74.384399
v -5.000000 94.599998 74.415604
v -5.000000 94.800003 74.384399
v -5.000000 94.800003 74.415604
v -5.000000 94.835297 74.400002
v -4.947650 93.599998 74.400002
v -4.846370 93.400002 74.400002
v -4.835290 93.199997 74.400002
v -4.800000 93.052399 74.400002
v -4.800000 93.199997 74.384399
v -4.800000 93.199997 74.415604
v -4.800000 93.400002 74.384399
v -4.800000 93.400002 74.415604
v -4.800000 93.599998 74.384399
v -4.800000 93.599998 74.415604
v -4.800000 93.800003 74.384399
v -4.800000 93.800003 74.415604
v -4.800000 94.000000 74.384399
v -4.800000 94.000000 74.415604
v -4.800000 94.199997 74.384399
v -4.800000 94.199997 74.415604
v -4.800000 94.400002 74.384399
v -4.800000 94.400002 74.415604
v -4.800000 94.599998 74.384399
v -4.800000 94.599998 74.415604
v -4.800000 94.800003 74.384399
v -4.800000 94.800003 74.415604
v -4.800000 94.835297 74.400002
v -4.747650 93.000000 74.400002
v -4.600000 92.852402 74.400002
v -4.600000 93.000000 74.384399
v -4.600000 93.000000 74.415604
v -4.600000 93.199997 74.384399
v -4.600000 93.199997 74.415604
v -4.600000 93.400002 74.384399
v -4.600000 93.400002 74.415604
v -4.600000 93.599998 74.384399
v -4.600000 93.599998 74.415604
v -4.600000 93.800003 74.384399
v -4.600000 93.800003 74.415604
v -4.600000 94.000000 74.384399
v -4.600000 94.000000 74.415604
v -4.600000 94.199997 74.384399
v -4.600000 94.199997 74.415604
v -4.600000 94.400002 74.384399
v -4.600000 94.400002 74.415604
v -4.600000 94.599998 74.384399
v -4.600000 94.599998 74.415604
v -4.600000 94.800003 74.384399
v -4.600000 94.800003 74.415604
v -4.600000 94.835297 74.400002
v -4.547650 92.800003 74.400002
v -4.452350 94.800003 74.400002
v -4.400000 92.764702 74.400002
v -4.400000 92.800003 74.384399
v -4.400000 92.800003 74.415604
v -4.400000 93.000000 74.384399
v -4.400000 93.000000 74.415604
v -4.400000 93.199997 74.384399
v -4.400000 93.199997 74.415604
v -4.400000 93.400002 74.384399
v -4.400000 93.400002 74.415604
v -4.400000 93.599998 74.384399
v -4.400000 93.599998 74.415604
v -4.400000 93.800003 74.384399
v -4.400000 93.800003 74.415604
v -4.400000 94.000000 74.384399
v -4.400000 94.000000 74.415604
v -4.400000 94.199997 74.384399
v -4.400000 94.199997 74.415604
v -4.400000 94.400002 74.384399
v -4.400000 94.400002 74.415604
v -4.400000 94.599998 74.384399
v -4.400000 94.599998 74.415604
v -4.400000 94.747704 74.400002
v -4.200000 92.764702 74.400002
v -4.200000 92.800003 74.384399
v -4.200000 92.800003 74.415604
v -4.200000 93.000000 74.384399
v -4.200000 93.000000 74.415604
v -4.200000 93.199997 74.384399
v -4.200000 93.199997 74.415604
v -4.200000 93.400002 74.384399
v -4.200000 93.400002 74.415604
v -4.200000 93.599998 74.384399
v -4.200000 93.599998 74.415604
v -4.200000 93.800003 74.384399
v -4.200000 93.800003 74.415604
v -4.200000 94.000000 74.384399
v -4.200000 94.000000 74.415604
v -4.200000 94.199997 74.384399
v -4.200000 94.199997 74.415604
v -4.200000 94.400002 74.384399
v -4.200000 94.400002 74.415604
v -4.200000 94.599998 74.384399
v -4.200000 94.599998 74.415604
v -4.200000 94.646400 74.400002
v -4.052350 94.599998 74.400002
v -4.000000 92.764702 74.400002
v -4.000000 92.800003 74.384399
v -4.000000 92.800003 74.415604
v -4.000000 93.000000 74.384399
v -4.000000 93.000000 74.415604
v -4.000000 93.199997 74.384399
v -4.000000 93.199997 74.415604
v -4.000000 93.400002 74.384399
v -4.000000 93.400002 74.415604
v -4.000000 93.599998 74.384399
v -4.000000 93.599998 74.415604
v -4.000000 93.800003 74.384399
v -4.000000 93.800003 74.415604
v -4.000000 94.000000 74.384399
v -4.000000 94.000000 74.415604
v -4.000000 94.199997 74.384399
v -4.000000 94.199997 74.415604
v -4.000000 94.400002 74.384399
v -4.000000 94.400002 74.415604
v -4.000000 94.547600 74.400002
v -3.800000 92.764702 74.400002
v -3.800000 92.800003 74.384399
v -3.800000 92.800003 74.415604
v -3.800000 93.000000 74.384399
v -3.800000 93.000000 74.415604
v -3.800000 93.199997 74.384399
v -3.800000 93.199997 74.415604
v -3.800000 93.400002 74.384399
v -3.800000 93.400002 74.415604
v -3.800000 93.599998 74.384399
v -3.800000 93.599998 74.415604
v -3.800000 93.800003 74.384399
v -3.800000 93.800003 74.415604
v -3.800000 94.000000 74.384399
v -3.800000 94.000000 74.415604
v -3.800000 94.199997 74.384399
v -3.800000 94.199997 74.415604
v -3.800000 94.400002 74.384399
v -3.800000 94.400002 74.415604
v -3.800000 94.446404 74.400002
v -3.652350 92.800003 74.400002
v -3.652350 94.400002 74.400002
v -3.600000 92.852402 74.400002
v -3.600000 93.000000 74.384399
v -3.600000 93.000000 74.415604
v -3.600000 93.199997 74.384399
v -3.600000 93.199997 74.415604
v -3.600000 93.400002 74.384399
v -3.600000 93.400002 74.415604
v -3.600000 93.599998 74.384399
v -3.600000 93.599998 74.415604
v -3.600000 93.800003 74.384399
v -3.600000 93.800003 74.415604
v -3.600000 94.000000 74.384399
v -3.600000 94.000000 74.415604
v -3.600000 94.199997 74.384399
v -3.600000 94.199997 74.415604
v -3.600000 94.347603 74.400002
v -3.553630 93.000000 74.400002
v -3.452350 93.199997 74.400002
v -3.452350 94.199997 74.400002
v -3.400000 93.252296 74.400002
v -3.400000 93.400002 74.384399
v -3.400000 93.400002 74.415604
v -3.400000 93.599998 74.384399
v -3.400000 93.599998 74.415604
v -3.400000 93.800003 74.384399
v -3.400000 93.800003 74.415604
v -3.400000 94.000000 74.384399
v -3.400000 94.000000 74.415604
v -3.400000 94.147598 74.400002
v -3.364710 93.400002 74.400002
v -3.364710 93.599998 74.400002
v -3.364710 93.800003 74.400002
v -3.364710 94.000000 74.400002
vn 0.095964 0.401540 -0.910800
vn 0.095964 0.401540 -0.910800
vn 0.095964 0.401540 -0.910800
vn 0.000000 0.403402 -0.915023
vn 0.000000 0.403402 -0.915023
vn 0.000000 0.403402 -0.915023
vn 0.000000 0.403402 0.915023
vn 0.000000 0.403402 0.915023
vn 0.000000 0.403402 0.915023
vn 0.000000 0.403402 0.915023
vn 0.000000 0.403402 0.915023
vn 0.000000 0.403402 0.915023
vn 0.000000 0.000000 1.000000
vn 0.000000 0.000000 1.000000
vn 0.000000 0.000000 1.000000
vn 0.000000 0.000000 1.000000
vn 0.000000 0.000000 1.000000
vn 0.000000 0.000000 1.000000
vn 0.000000 0.000000 1.000000
vn 0.000000 0.000000 1.000000
vn 0.000000 0.000000 1.000000
vn 0.000000 0.000000 1.000000
vn 0.000000 0.000000 1.000000
vn 0.000000 0.000000 1.000000
vn 0.000000 0.000000 1.000000
vn 0.000000 0.000000 1.000000
vn 0.000000 0.000000 1.000000
vn 0.000000 0.000000 1.000000
vn 0.000000 0.000000 1.000000
vn 0.000000 0.000000 1.000000
vn 0.000000 0.000000 1.000000
vn 0.000000 0.000000 1.000000
vn 0.000000 0.000000 1.000000
vn -0.104211 -0.104213 0.989080
vn -0.104211 -0.104213 0.989080
vn -0.104211 -0.104213 0.989080
vn -0.104211 -0.104213 0.989080
vn -0.104211 -0.104213 0.989080
vn -0.104211 -0.104213 0.989080
vn -0.104212 -0.104213 -0.989080
vn -0.104212 -0.104213 -0.989080
vn -0.104212 -0.104213 -0.989080
vn -0.104211 -0.104213 -0.989080
vn -0.104211 -0.104213 -0.989080
vn -0.104211 -0.104213 -0.989080
vn 0.000000 0.000000 -1.000000
vn 0.000000 0.000000 -1.000000
vn 0.000000 0.000000 -1.000000
vn 0.000000 0.000000 -1.000000
vn 0.000000 0.000000 -1.000000
vn 0.000000 0.000000 -1.000000
vn 0.000000 0.000000 -1.000000
vn 0.000000 0.000000 -1.000000
vn 0.000000 0.000000 -1.000000
vn 0.000000 0.000000 -1.000000
vn 0.000000 0.000000 -1.000000
vn 0.000000 0.000000 -1.000000
vn 0.000000 0.000000 -1.000000
vn 0.000000 0.000000 -1.000000
vn 0.000000 0.000000 -1.000000
vn 0.000000 0.000000 -1.000000
vn 0.000000 0.000000 -1.000000
vn 0.000000 0.000000 -1.000000
vn 0.000000 0.000000 -1.000000
vn 0.000000 0.000000 -1.000000
vn 0.000000 0.000000 -1.000000
vn 0.000000 0.000000 -1.000000
vn 0.000000 0.000000 -1.000000
vn 0.000000 0.000000 -1.000000
vn 0.000000 0.403402 -0.915023
vn 0.000000 0.403402 -0.915023
vn 0.000000 0.403402 -0.915023
vn 0.000000 0.403402 -0.915023
vn 0.000000 0.403402 -0.915023
vn 0.000000 0.403402 -0.915023
vn 0.000000 0.000000 -1.000000
vn 0.000000 0.000000 -1.000000
vn 0.000000 0.000000 -1.000000
vn 0.000000 0.000000 -1.000000
vn 0.000000 0.000000 -1.000000
vn 0.000000 0.000000 -1.000000
vn 0.000000 0.000000 -1.000000
vn 0.000000 0.000000 -1.000000
vn 0.000000 0.000000 -1.000000
vn 0.000000 0.000000 -1.000000
vn 0.000000 0.000000 -1.000000
vn 0.000000 0.000000 -1.000000
vn 0.000000 0.000000 -1.000000
vn 0.000000 0.000000 -1.000000
vn 0.000000 0.000000 -1.000000
vn 0.000000 0.000000 -1.000000
vn 0.000000 0.000000 -1.000000
vn 0.000000 0.000000 -1.000000
vn 0.000000 0.403402 -0.915023
vn 0.000000 0.403402 -0.915023
vn 0.000000 0.403402 -0.915023
vn 0.000000 0.403402 0.915023
vn 0.000000 0.403402 0.915023
vn 0.000000 0.403402 0.915023
vn -0.095964 0.401540 -0.910800
vn -0.095964 0.401540 -0.910800
vn -0.095964 0.401540 -0.910800
vn -0.104211 0.104212 -0.989080
vn -0.104211 0.104212 -0.989080
vn -0.104211 0.104212 -0.989080
vn -0.104207 0.104208 0.989081
vn -0.104207 0.104208 0.989081
vn -0.104207 0.104208 0.989081
vn 0.000000 0.104778 0.994496
vn 0.000000 0.104778 0.994496
vn 0.000000 0.104778 0.994496
vn 0.000000 0.000000 1.000000
vn 0.000000 0.000000 1.000000
vn 0.000000 0.000000 1.000000
vn 0.000000 0.000000 1.000000
vn 0.000000 0.000000 1.000000
vn 0.000000 0.000000 1.000000
vn 0.000000 0.000000 1.000000
vn 0.000000 0.000000 1.000000
vn 0.000000 0.000000 1.000000
vn -0.403397 0.000000 0.915025
vn -0.403397 0.000000 0.915025
vn -0.403397 0.000000 0.915025
vn -0.403397 0.000000 0.915025
vn -0.403397 0.000000 0.915025
vn -0.403397 0.000000 0.915025
vn -0.403397 0.000000 -0.915025
vn -0.403397 0.000000 -0.915025
vn -0.403397 0.000000 -0.915025
vn -0.403397 0.000000 -0.915025
vn -0.403397 0.000000 -0.915025
vn -0.403397 0.000000 -0.915025
vn 0.000000 0.000000 -1.000000
vn 0.000000 0.000000 -1.000000
vn 0.000000 0.000000 -1.000000
vn 0.099396 0.316477 -0.943378
vn 0.099396 0.316477 -0.943378
vn 0.099396 0.316477 -0.943378
vn 0.159013 0.314005 -0.936011
vn 0.159013 0.314005 -0.936011
vn 0.159013 0.314005 -0.936011
vn 0.052985 0.104631 0.993099
vn 0.052985 0.104631 0.993099
vn 0.052985 0.104631 0.993099
vn 0.104210 0.104208 0.989081
vn 0.104210 0.104208 0.989081
vn 0.104210 0.104208 0.989081
vn 0.000000 0.000000 1.000000
vn 0.000000 0.000000 1.000000
vn 0.000000 0.000000 1.000000
vn 0.000000 0.000000 1.000000
vn 0.000000 0.000000 1.000000
vn 0.000000 0.000000 1.000000
vn 0.000000 0.000000 1.000000
vn 0.000000 0.000000 1.000000
vn 0.000000 0.000000 1.000000
vn 0.000000 0.000000 1.000000
vn 0.000000 0.000000 1.000000
vn 0.000000 0.000000 1.000000
vn 0.000000 0.000000 1.000000
vn 0.000000 0.000000 1.000000
vn 0.000000 0.000000 1.000000
vn 0.000000 0.000000 1.000000
vn 0.000000 0.000000 1.000000
vn 0.000000 0.000000 1.000000
vn 0.000000 0.000000 1.000000
vn 0.000000 0.000000 1.000000
vn 0.000000 0.000000 1.000000
vn 0.000000 0.000000 1.000000
vn 0.000000 0.000000 1.000000
vn 0.000000 0.000000 1.000000
vn 0.000000 0.000000 1.000000
vn 0.000000 0.000000 1.000000
vn 0.000000 0.000000 1.000000
vn -0.104212 -0.104213 0.989080
vn -0.104212 -0.104213 0.989080
vn -0.104212 -0.104213 0.989080
vn -0.104212 -0.104213 0.989080
vn -0.104212 -0.104213 0.989080
vn -0.104212 -0.104213 0.989080
vn -0.104212 -0.104213 -0.989080
vn -0.104212 -0.104213 -0.989080
vn -0.104212 -0.104213 -0.989080
vn -0.104212 -0.104213 -0.989080
vn -0.104212 -0.104213 -0.989080
vn -0.104212 -0.104213 -0.989080
vn 0.000000 0.000000 -1.000000
vn 0.000000 0.000000 -1.000000
vn 0.000000 0.000000 -1.000000
vn 0.000000 0.000000 -1.000000
vn 0.000000 0.000000 -1.000000
vn 0.000000 0.000000 -1.000000
vn 0.000000 0.000000 -1.000000
vn 0.000000 0.000000 -1.000000
vn 0.000000 0.000000 -1.000000
vn 0.000000 0.000000 -1.000000
vn 0.000000 0.000000 -1.000000
vn 0.000000 0.000000 -1.000000
vn 0.000000 0.000000 -1.000000
vn 0.000000 0.000000 -1.000000
vn 0.000000 0.000000 -1.000000
vn 0.000000 0.000000 -1.000000
vn 0.000000 0.000000 -1.000000
vn 0.000000 0.000000 -1.000000
vn 0.000000 0.000000 -1.000000
vn 0.000000 0.000000 -1.000000
vn 0.000000 0.000000 -1.000000
vn 0.000000 0.000000 -1.000000
vn 0.000000 0.000000 -1.000000
vn 0.000000 0.000000 -1.000000
vn 0.000000 0.000000 -1.000000
vn 0.000000 0.000000 -1.000000
vn 0.000000 0.000000 -1.000000
vn 0.104211 0.104209 -0.989081
vn 0.104211 0.104209 -0.989081
vn 0.104211 0.104209 -0.989081
vn 0.000000 0.104778 -0.994496
vn 0.000000 0.104778 -0.994496
vn 0.000000 0.104778 -0.994496
vn 0.000000 0.000000 -1.000000
vn 0.000000 0.000000 -1.000000
vn 0.000000 0.000000 -1.000000
vn 0.000000 0.000000 -1.000000
vn 0.000000 0.000000 -1.000000
vn 0.000000 0.000000 -1.000000
vn 0.000000 0.000000 -1.000000
vn 0.000000 0.000000 -1.000000
vn 0.000000 0.000000 -1.000000
vn 0.000000 0.000000 -1.000000
vn 0.000000 0.000000 -1.000000
vn 0.000000 0.000000 -1.000000
vn 0.000000 0.000000 -1.000000
vn 0.000000 0.000000 -1.000000
vn 0.000000 0.000000 -1.000000
vn 0.000000 0.000000 -1.000000
vn 0.000000 0.000000 -1.000000
vn 0.000000 0.000000 -1.000000
vn 0.000000 0.000000 -1.000000
vn 0.000000 0.000000 -1.000000
vn 0.000000 0.000000 -1.000000
vn 0.000000 0.000000 -1.000000
vn 0.000000 0.000000 -1.000000
vn 0.000000 0.000000 -1.000000
vn 0.000000 -0.104778 -0.994496
vn 0.000000 -0.104778 -0.994496
vn 0.000000 -0.104778 -0.994496
vn -0.159012 -0.314005 -0.936011
vn -0.159012 -0.314005 -0.936011
vn -0.159012 -0.314005 -0.936011
vn -0.052985 -0.104631 0.993099
vn -0.052985 -0.104631 0.993099
vn -0.052985 -0.104631 0.993099
vn 0.000000 -0.318052 0.948073
vn 0.000000 -0.318052 0.948073
vn 0.000000 -0.318052 0.948073
vn 0.000000 0.000000 1.000000
vn 0.000000 0.000000 1.000000
vn 0.000000 0.000000 1.000000
vn 0.000000 0.000000 1.000000
vn 0.000000 0.000000 1.000000
vn 0.000000 0.000000 1.000000
vn 0.000000 0.000000 1.000000
vn 0.000000 0.000000 1.000000
vn 0.000000 0.000000 1.000000
vn 0.104207 0.104208 -0.989081
vn 0.104207 0.104208 -0.989081
vn 0.104207 0.104208 -0.989081
vn 0.104211 0.104212 0.989080
vn 0.104211 0.104212 0.989080
vn 0.104211 0.104212 0.989080
vn 0.000000 0.000000 -1.000000
vn 0.000000 0.000000 -1.000000
vn 0.000000 0.000000 -1.000000
vn 0.000000 0.000000 -1.000000
vn 0.000000 0.000000 -1.000000
vn 0.000000 0.000000 -1.000000
vn 0.000000 0.000000 -1.000000
vn 0.000000 0.000000 -1.000000
vn 0.000000 0.000000 -1.000000
vn 0.000000 0.000000 -1.000000
vn 0.000000 0.000000 -1.000000
vn 0.000000 0.000000 -1.000000
vn 0.000000 0.000000 -1.000000
vn 0.000000 0.000000 -1.000000
vn 0.000000 0.000000 -1.000000
vn 0.000000 0.000000 -1.000000
vn 0.000000 0.000000 -1.000000
vn 0.000000 0.000000 -1.000000
vn 0.000000 0.000000 -1.000000
vn 0.000000 0.000000 -1.000000
vn 0.000000 0.000000 -1.000000
vn -0.104210 0.104208 -0.989081
vn -0.104210 0.104208 -0.989081
vn -0.104210 0.104208 -0.989081
vn -0.052985 0.104631 -0.993099
vn -0.052985 0.104631 -0.993099
vn -0.052985 0.104631 -0.993099
vn -0.159013 0.314005 0.936011
vn -0.159013 0.314005 0.936011
vn -0.159013 0.314005 0.936011
vn -0.099396 0.316477 0.943378
vn -0.099396 0.316477 0.943378
vn -0.099396 0.316477 0.943378
vn -0.104211 0.104213 0.989080
vn -0.104211 0.104213 0.989080
vn -0.104211 0.104213 0.989080
vn -0.104212 0.104213 0.989080
vn -0.104212 0.104213 0.989080
vn -0.104212 0.104213 0.989080
vn -0.401535 0.095966 0.910802
vn -0.401535 0.095966 0.910802
vn -0.401535 0.095966 0.910802
vn -0.401535 0.095966 -0.910802
vn -0.401535 0.095966 -0.910802
vn -0.401535 0.095966 -0.910802
vn 0.000000 0.318052 -0.948073
vn 0.000000 0.318052 -0.948073
vn 0.000000 0.318052 -0.948073
vn 0.000000 0.000000 -1.000000
vn 0.000000 0.000000 -1.000000
vn 0.000000 0.000000 -1.000000
vn 0.000000 0.000000 -1.000000
vn 0.000000 0.000000 -1.000000
vn 0.000000 0.000000 -1.000000
vn -0.099396 0.316477 -0.943378
vn -0.099396 0.316477 -0.943378
vn -0.099396 0.316477 -0.943378
vn -0.104211 0.104212 -0.989080
vn -0.104211 0.104212 -0.989080
vn -0.104211 0.104212 -0.989080
vn 0.099394 0.316524 -0.943363
vn 0.099394 0.316524 -0.943363
vn 0.099394 0.316524 -0.943363
vn 0.159036 0.314051 -0.935991
vn 0.159036 0.314051 -0.935991
vn 0.159036 0.314051 -0.935991
vn 0.052988 0.104637 0.993098
vn 0.052988 0.104637 0.993098
vn 0.052988 0.104637 0.993098
vn 0.104212 0.104213 0.989080
vn 0.104212 0.104213 0.989080
vn 0.104212 0.104213 0.989080
vn 0.000000 0.000000 1.000000
vn 0.000000 0.000000 1.000000
vn 0.000000 0.000000 1.000000
vn 0.000000 0.000000 1.000000
vn 0.000000 0.000000 1.000000
vn 0.000000 0.000000 1.000000
vn 0.000000 0.000000 1.000000
vn 0.000000 0.000000 1.000000
vn 0.000000 0.000000 1.000000
vn 0.000000 0.000000 1.000000
vn 0.000000 0.000000 1.000000
vn 0.000000 0.000000 1.000000
vn 0.000000 0.000000 1.000000
vn 0.000000 0.000000 1.000000
vn 0.000000 0.000000 1.000000
vn 0.000000 0.000000 1.000000
vn 0.000000 0.000000 1.000000
vn 0.000000 0.000000 1.000000
vn 0.000000 0.000000 1.000000
vn 0.000000 0.000000 1.000000
vn 0.000000 0.000000 1.000000
vn 0.000000 0.000000 1.000000
vn 0.000000 0.000000 1.000000
vn 0.000000 0.000000 1.000000
vn 0.000000 0.000000 1.000000
vn 0.000000 0.000000 1.000000
vn 0.000000 0.000000 1.000000
vn -0.104210 -0.104208 0.989081
vn -0.104210 -0.104208 0.989081
vn -0.104210 -0.104208 0.989081
vn -0.104211 -0.104211 0.989080
vn -0.104211 -0.104211 0.989080
vn -0.104211 -0.104211 0.989080
vn -0.104208 -0.104208 -0.989081
vn -0.104208 -0.104208 -0.989081
vn -0.104208 -0.104208 -0.989081
vn -0.104211 -0.104209 -0.989081
vn -0.104211 -0.104209 -0.989081
vn -0.104211 -0.104209 -0.989081
vn 0.000000 0.000000 -1.000000
vn 0.000000 0.000000 -1.000000
vn 0.000000 0.000000 -1.000000
vn 0.000000 0.000000 -1.000000
vn 0.000000 0.000000 -1.000000
vn 0.000000 0.000000 -1.000000
vn 0.000000 0.000000 -1.000000
vn 0.000000 0.000000 -1.000000
vn 0.000000 0.000000 -1.000000
vn 0.000000 0.000000 -1.000000
vn 0.000000 0.000000 -1.000000
vn 0.000000 0.000000 -1.000000
vn 0.000000 0.000000 -1.000000
vn 0.000000 0.000000 -1.000000
vn 0.000000 0.000000 -1.000000
vn 0.000000 0.000000 -1.000000
vn 0.000000 0.000000 -1.000000
vn 0.000000 0.000000 -1.000000
vn 0.000000 0.000000 -1.000000
vn 0.000000 0.000000 -1.000000
vn 0.000000 0.000000 -1.000000
vn 0.000000 0.000000 -1.000000
vn 0.000000 0.000000 -1.000000
vn 0.000000 0.000000 -1.000000
vn 0.000000 0.000000 -1.000000
vn 0.000000 0.000000 -1.000000
vn 0.000000 0.000000 -1.000000
vn 0.104211 0.104213 -0.989080
vn 0.104211 0.104213 -0.989080
vn 0.104211 0.104213 -0.989080
vn 0.000000 0.104784 -0.994495
vn 0.000000 0.104784 -0.994495
vn 0.000000 0.104784 -0.994495
vn 0.000000 0.000000 -1.000000
vn 0.000000 0.000000 -1.000000
vn 0.000000 0.000000 -1.000000
vn 0.000000 0.000000 -1.000000
vn 0.000000 0.000000 -1.000000
vn 0.000000 0.000000 -1.000000
vn 0.000000 0.000000 -1.000000
vn 0.000000 0.000000 -1.000000
vn 0.000000 0.000000 -1.000000
vn 0.000000 0.000000 -1.000000
vn 0.000000 0.000000 -1.000000
vn 0.000000 0.000000 -1.000000
vn 0.000000 0.000000 -1.000000
vn 0.000000 0.000000 -1.000000
vn 0.000000 0.000000 -1.000000
vn 0.000000 0.000000 -1.000000
vn 0.000000 0.000000 -1.000000
vn 0.000000 0.000000 -1.000000
vn 0.000000 0.000000 -1.000000
vn 0.000000 0.000000 -1.000000
vn 0.000000 0.000000 -1.000000
vn 0.000000 0.000000 -1.000000
vn 0.000000 0.000000 -1.000000
vn 0.000000 0.000000 -1.000000
vn 0.000000 0.000000 -1.000000
vn 0.000000 0.000000 -1.000000
vn 0.000000 0.000000 -1.000000
vn -0.318070 0.000000 -0.948067
vn -0.318070 0.000000 -0.948067
vn -0.318070 0.000000 -0.948067
vn -0.318020 -0.017621 -0.947920
vn -0.318020 -0.017621 -0.947920
vn -0.318020 -0.017621 -0.947920
vn -0.403292 -0.022345 0.914799
vn -0.403292 -0.022345 0.914799
vn -0.403292 -0.022345 0.914799
vn -0.401531 -0.095966 0.910804
vn -0.401531 -0.095966 0.910804
vn -0.401531 -0.095966 0.910804
vn -0.104212 -0.104213 0.989080
vn -0.104212 -0.104213 0.989080
vn -0.104212 -0.104213 0.989080
vn -0.104212 -0.104213 0.989080
vn -0.104212 -0.104213 0.989080
vn -0.104212 -0.104213 0.989080
vn -0.104212 -0.104213 0.989080
vn -0.104212 -0.104213 0.989080
vn -0.104212 -0.104213 0.989080
vn -0.104212 -0.104213 -0.989080
vn -0.104212 -0.104213 -0.989080
vn -0.104212 -0.104213 -0.989080
vn -0.104212 -0.104213 -0.989080
vn -0.104212 -0.104213 -0.989080
vn -0.104212 -0.104213 -0.989080
vn -0.104211 -0.104213 -0.989080
vn -0.104211 -0.104213 -0.989080
vn -0.104211 -0.104213 -0.989080
vn -0.095967 -0.401467 -0.910832
vn -0.095967 -0.401467 -0.910832
vn -0.095967 -0.401467 -0.910832
vn 0.000000 -0.403329 -0.915055
vn 0.000000 -0.403329 -0.915055
vn 0.000000 -0.403329 -0.915055
vn 0.000000 -0.403329 0.915055
vn 0.000000 -0.403329 0.915055
vn 0.000000 -0.403329 0.915055
vn 0.000000 -0.403329 0.915055
vn 0.000000 -0.403329 0.915055
vn 0.000000 -0.403329 0.915055
vn 0.000000 0.000000 1.000000
vn 0.000000 0.000000 1.000000
vn 0.000000 0.000000 1.000000
vn 0.000000 0.000000 1.000000
vn 0.000000 0.000000 1.000000
vn 0.000000 0.000000 1.000000
vn 0.000000 0.000000 1.000000
vn 0.000000 0.000000 1.000000
vn 0.000000 0.000000 1.000000
vn 0.000000 0.000000 1.000000
vn 0.000000 0.000000 1.000000
vn 0.000000 0.000000 1.000000
vn 0.000000 0.000000 1.000000
vn 0.000000 0.000000 1.000000
vn 0.000000 0.000000 1.000000
vn 0.000000 0.000000 1.000000
vn 0.000000 0.000000 1.000000
vn 0.000000 0.000000 1.000000
vn 0.000000 0.000000 1.000000
vn 0.000000 0.000000 1.000000
vn 0.000000 0.000000 1.000000
vn 0.403395 0.000000 0.915026
vn 0.403395 0.000000 0.915026
vn 0.403395 0.000000 0.915026
vn 0.403395 0.000000 0.915026
vn 0.403395 0.000000 0.915026
vn 0.403395 0.000000 0.915026
vn 0.403395 0.000000 -0.915026
vn 0.403395 0.000000 -0.915026
vn 0.403395 0.000000 -0.915026
vn 0.403395 0.000000 -0.915026
vn 0.403395 0.000000 -0.915026
vn 0.403395 0.000000 -0.915026
vn 0.000000 0.000000 -1.000000
vn 0.000000 0.000000 -1.000000
vn 0.000000 0.000000 -1.000000
vn 0.000000 0.000000 -1.000000
vn 0.000000 0.000000 -1.000000
vn 0.000000 0.000000 -1.000000
vn 0.000000 0.000000 -1.000000
vn 0.000000 0.000000 -1.000000
vn 0.000000 0.000000 -1.000000
vn 0.000000 0.000000 -1.000000
vn 0.000000 0.000000 -1.000000
vn 0.000000 0.000000 -1.000000
vn 0.000000 0.000000 -1.000000
vn 0.000000 0.000000 -1.000000
vn 0.000000 0.000000 -1.000000
vn 0.000000 0.000000 -1.000000
vn 0.000000 0.000000 -1.000000
vn 0.000000 0.000000 -1.000000
vn 0.000000 0.000000 -1.000000
vn 0.000000 0.000000 -1.000000
vn 0.000000 0.000000 -1.000000
vn 0.000000 0.000000 -1.000000
vn 0.000000 0.000000 -1.000000
vn 0.000000 0.000000 -1.000000
vn 0.000000 0.000000 -1.000000
vn 0.000000 0.000000 -1.000000
vn 0.000000 0.000000 -1.000000
vn 0.000000 0.000000 -1.000000
vn 0.000000 0.000000 -1.000000
vn 0.000000 0.000000 -1.000000
vn 0.000000 0.000000 -1.000000
vn 0.000000 0.000000 -1.000000
vn 0.000000 0.000000 -1.000000
vn 0.000000 0.000000 -1.000000
vn 0.000000 0.000000 -1.000000
vn 0.000000 0.000000 -1.000000
vn 0.000000 0.000000 -1.000000
vn 0.000000 0.000000 -1.000000
vn 0.000000 0.000000 -1.000000
vn 0.104213 0.104213 -0.989080
vn 0.104213 0.104213 -0.989080
vn 0.104213 0.104213 -0.989080
vn 0.104211 0.104212 0.989080
vn 0.104211 0.104212 0.989080
vn 0.104211 0.104212 0.989080
vn 0.000000 0.000000 -1.000000
vn 0.000000 0.000000 -1.000000
vn 0.000000 0.000000 -1.000000
vn 0.000000 0.000000 -1.000000
vn 0.000000 0.000000 -1.000000
vn 0.000000 0.000000 -1.000000
vn 0.000000 0.000000 -1.000000
vn 0.000000 0.000000 -1.000000
vn 0.000000 0.000000 -1.000000
vn 0.000000 0.000000 -1.000000
vn 0.000000 0.000000 -1.000000
vn 0.000000 0.000000 -1.000000
vn 0.000000 0.000000 -1.000000
vn 0.000000 0.000000 -1.000000
vn 0.000000 0.000000 -1.000000
vn 0.000000 0.000000 -1.000000
vn 0.000000 0.000000 -1.000000
vn 0.000000 0.000000 -1.000000
vn 0.000000 0.000000 -1.000000
vn 0.000000 0.000000 -1.000000
vn 0.000000 0.000000 -1.000000
vn -0.104211 0.104212 -0.989080
vn -0.104211 0.104212 -0.989080
vn -0.104211 0.104212 -0.989080
vn 0.104211 0.104208 -0.989081
vn 0.104211 0.104208 -0.989081
vn 0.104211 0.104208 -0.989081
vn 0.104207 0.104208 -0.989081
vn 0.104207 0.104208 -0.989081
vn 0.104207 0.104208 -0.989081
vn 0.104211 0.104212 0.989080
vn 0.104211 0.104212 0.989080
vn 0.104211 0.104212 0.989080
vn 0.099394 0.316524 0.943363
vn 0.099394 0.316524 0.943363
vn 0.099394 0.316524 0.943363
vn 0.000000 0.318099 0.948057
vn 0.000000 0.318099 0.948057
vn 0.000000 0.318099 0.948057
vn 0.104211 0.104209 -0.989081
vn 0.104211 0.104209 -0.989081
vn 0.104211 0.104209 -0.989081
vn 0.000000 0.000000 -1.000000
vn 0.000000 0.000000 -1.000000
vn 0.000000 0.000000 -1.000000
vn 0.000000 0.000000 -1.000000
vn 0.000000 0.000000 -1.000000
vn 0.000000 0.000000 -1.000000
vn 0.000000 0.000000 -1.000000
vn 0.000000 0.000000 -1.000000
vn 0.000000 0.000000 -1.000000
vn 0.000000 0.000000 -1.000000
vn 0.000000 0.000000 -1.000000
vn 0.000000 0.000000 -1.000000
vn 0.000000 0.000000 -1.000000
vn 0.000000 0.000000 -1.000000
vn 0.000000 0.000000 -1.000000
vn 0.000000 0.000000 -1.000000
vn 0.000000 0.000000 -1.000000
vn 0.000000 0.000000 -1.000000
vn 0.000000 0.000000 -1.000000
vn 0.000000 0.000000 -1.000000
vn 0.000000 0.000000 -1.000000
vn 0.000000 0.000000 -1.000000
vn 0.000000 0.000000 -1.000000
vn 0.000000 0.000000 -1.000000
vn 0.401533 0.095966 -0.910803
vn 0.401533 0.095966 -0.910803
vn 0.401533 0.095966 -0.910803
vn 0.104212 0.104213 -0.989080
vn 0.104212 0.104213 -0.989080
vn 0.104212 0.104213 -0.989080
vn 0.104211 0.104212 0.989080
vn 0.104211 0.104212 0.989080
vn 0.104211 0.104212 0.989080
vn 0.104211 0.104208 0.989081
vn 0.104211 0.104208 0.989081
vn 0.104211 0.104208 0.989081
vn 0.104210 0.104208 0.989081
vn 0.104210 0.104208 0.989081
vn 0.104210 0.104208 0.989081
vn 0.104211 0.104213 -0.989080
vn 0.104211 0.104213 -0.989080
vn 0.104211 0.104213 -0.989080
vn 0.000000 0.000000 -1.000000
vn 0.000000 0.000000 -1.000000
vn 0.000000 0.000000 -1.000000
vn 0.000000 0.000000 -1.000000
vn 0.000000 0.000000 -1.000000
vn 0.000000 0.000000 -1.000000
vn 0.000000 0.000000 -1.000000
vn 0.000000 0.000000 -1.000000
vn 0.000000 0.000000 -1.000000
vn 0.000000 0.000000 -1.000000
vn 0.000000 0.000000 -1.000000
vn 0.000000 0.000000 -1.000000
vn 0.000000 0.000000 -1.000000
vn 0.000000 0.000000 -1.000000
vn 0.000000 0.000000 -1.000000
vn 0.000000 0.000000 -1.000000
vn 0.000000 0.000000 -1.000000
vn 0.000000 0.000000 -1.000000
vn 0.000000 0.000000 -1.000000
vn 0.000000 0.000000 -1.000000
vn 0.000000 0.000000 -1.000000
vn 0.000000 0.000000 -1.000000
vn 0.000000 0.000000 -1.000000
vn 0.000000 0.000000 -1.000000
vn -0.401535 -0.095966 -0.910802
vn -0.401535 -0.095966 -0.910802
vn -0.401535 -0.095966 -0.910802
vn -0.401535 -0.095966 0.910802
vn -0.401535 -0.095966 0.910802
vn -0.401535 -0.095966 0.910802
vn 0.403395 0.000000 -0.915026
vn 0.403395 0.000000 -0.915026
vn 0.403395 0.000000 -0.915026
vn 0.000000 0.000000 -1.000000
vn 0.000000 0.000000 -1.000000
vn 0.000000 0.000000 -1.000000
vn 0.000000 0.000000 -1.000000
vn 0.000000 0.000000 -1.000000
vn 0.000000 0.000000 -1.000000
vn 0.000000 0.000000 -1.000000
vn 0.000000 0.000000 -1.000000
vn 0.000000 0.000000 -1.000000
vn 0.403395 0.000000 -0.915026
vn 0.403395 0.000000 -0.915026
vn 0.403395 0.000000 -0.915026
vn 0.403395 0.000000 -0.915026
vn 0.403395 0.000000 -0.915026
vn 0.403395 0.000000 -0.915026
vn 0.000000 0.000000 -1.000000
vn 0.000000 0.000000 -1.000000
vn 0.000000 0.000000 -1.000000
vn 0.000000 0.000000 -1.000000
vn 0.000000 0.000000 -1.000000
vn 0.000000 0.000000 -1.000000
vn 0.000000 0.000000 -1.000000
vn 0.000000 0.000000 -1.000000
vn 0.000000 0.000000 -1.000000
vn -0.104211 -0.104213 -0.989080
vn -0.104211 -0.104213 -0.989080
vn -0.104211 -0.104213 -0.989080
vn -0.104211 -0.104213 0.989080
vn -0.104211 -0.104213 0.989080
vn -0.104211 -0.104213 0.989080
vn 0.403395 0.000000 -0.915026
vn 0.403395 0.000000 -0.915026
vn 0.403395 0.000000 -0.915026
vn 0.403395 0.000000 0.915026
vn 0.403395 0.000000 0.915026
vn 0.403395 0.000000 0.915026
vn 0.403395 0.000000 0.915026
vn 0.403395 0.000000 0.915026
vn 0.403395 0.000000 0.915026
vn 0.000000 0.000000 1.000000
vn 0.000000 0.000000 1.000000
vn 0.000000 0.000000 1.000000
vn 0.000000 0.000000 1.000000
vn 0.000000 0.000000 1.000000
vn 0.000000 0.000000 1.000000
vn 0.000000 0.000000 1.000000
vn 0.000000 0.000000 1.000000
vn 0.000000 0.000000 1.000000
vn 0.000000 0.000000 1.000000
vn 0.000000 0.000000 1.000000
vn 0.000000 0.000000 1.000000
vn 0.000000 0.000000 1.000000
vn 0.000000 0.000000 1.000000
vn 0.000000 0.000000 1.000000
vn 0.000000 0.000000 1.000000
vn 0.000000 0.000000 1.000000
vn 0.000000 0.000000 1.000000
vn 0.000000 0.000000 1.000000
vn 0.000000 0.000000 1.000000
vn 0.000000 0.000000 1.000000
vn 0.000000 0.000000 1.000000
vn 0.000000 0.000000 1.000000
vn 0.000000 0.000000 1.000000
vn 0.000000 0.000000 1.000000
vn 0.000000 0.000000 1.000000
vn 0.000000 0.000000 1.000000
vn 0.000000 -0.403329 0.915055
vn 0.000000 -0.403329 0.915055
vn 0.000000 -0.403329 0.915055
vn -0.095967 -0.401467 0.910832
vn -0.095967 -0.401467 0.910832
vn -0.095967 -0.401467 0.910832
vn 0.000000 0.000000 -1.000000
vn 0.000000 0.000000 -1.000000
vn 0.000000 0.000000 -1.000000
vn 0.000000 0.000000 -1.000000
vn 0.000000 0.000000 -1.000000
vn 0.000000 0.000000 -1.000000
vn 0.000000 0.000000 -1.000000
vn 0.000000 0.000000 -1.000000
vn 0.000000 0.000000 -1.000000
vn 0.000000 0.000000 -1.000000
vn 0.000000 0.000000 -1.000000
vn 0.000000 0.000000 -1.000000
vn 0.000000 0.000000 -1.000000
vn 0.000000 0.000000 -1.000000
vn 0.000000 0.000000 -1.000000
vn 0.000000 0.000000 -1.000000
vn 0.000000 0.000000 -1.000000
vn 0.000000 0.000000 -1.000000
vn -0.099396 -0.316477 -0.943378
vn -0.099396 -0.316477 -0.943378
vn -0.099396 -0.316477 -0.943378
vn -0.099396 -0.316477 0.943378
vn -0.099396 -0.316477 0.943378
vn -0.099396 -0.316477 0.943378
vn -0.104635 -0.052987 -0.993098
vn -0.104635 -0.052987 -0.993098
vn -0.104635 -0.052987 -0.993098
vn -0.314022 -0.159021 0.936004
vn -0.314022 -0.159021 0.936004
vn -0.314022 -0.159021 0.936004
vn -0.104782 0.000000 0.994495
vn -0.104782 0.000000 0.994495
vn -0.104782 0.000000 0.994495
vn 0.000000 0.000000 1.000000
vn 0.000000 0.000000 1.000000
vn 0.000000 0.000000 1.000000
vn 0.000000 0.000000 1.000000
vn 0.000000 0.000000 1.000000
vn 0.000000 0.000000 1.000000
vn 0.000000 0.000000 1.000000
vn 0.000000 0.000000 1.000000
vn 0.000000 0.000000 1.000000
vn 0.000000 0.000000 1.000000
vn 0.000000 0.000000 1.000000
vn 0.000000 0.000000 1.000000
vn 0.000000 0.000000 1.000000
vn 0.000000 0.000000 1.000000
vn 0.000000 0.000000 1.000000
vn 0.000000 0.000000 1.000000
vn 0.000000 0.000000 1.000000
vn 0.000000 0.000000 1.000000
vn 0.000000 0.000000 1.000000
vn 0.000000 0.000000 1.000000
vn 0.000000 0.000000 1.000000
vn 0.000000 0.000000 1.000000
vn 0.000000 0.000000 1.000000
vn 0.000000 0.000000 1.000000
vn 0.000000 0.000000 1.000000
vn 0.000000 0.000000 1.000000
vn 0.000000 0.000000 1.000000
vn 0.401533 -0.095961 -0.910803
vn 0.401533 -0.095961 -0.910803
vn 0.401533 -0.095961 -0.910803
vn 0.401533 -0.095961 0.910803
vn 0.401533 -0.095961 0.910803
vn 0.401533 -0.095961 0.910803
vn 0.104207 -0.104208 0.989081
vn 0.104207 -0.104208 0.989081
vn 0.104207 -0.104208 0.989081
vn 0.104211 -0.104209 0.989081
vn 0.104211 -0.104209 0.989081
vn 0.104211 -0.104209 0.989081
vn 0.104635 -0.052987 0.993098
vn 0.104635 -0.052987 0.993098
vn 0.104635 -0.052987 0.993098
vn 0.318070 0.000000 0.948067
vn 0.318070 0.000000 0.948067
vn 0.318070 0.000000 0.948067
vn 0.316495 -0.099397 0.943372
vn 0.316495 -0.099397 0.943372
vn 0.316495 -0.099397 0.943372
vn 0.104212 -0.104213 0.989080
vn 0.104212 -0.104213 0.989080
vn 0.104212 -0.104213 0.989080
vn 0.104211 -0.104212 -0.989080
vn 0.104211 -0.104212 -0.989080
vn 0.104211 -0.104212 -0.989080
vn 0.095967 -0.401467 -0.910832
vn 0.095967 -0.401467 -0.910832
vn 0.095967 -0.401467 -0.910832
vn 0.000000 -0.403329 -0.915055
vn 0.000000 -0.403329 -0.915055
vn 0.000000 -0.403329 -0.915055
vn 0.000000 -0.403329 -0.915055
vn 0.000000 -0.403329 -0.915055
vn 0.000000 -0.403329 -0.915055
vn 0.000000 -0.403329 -0.915055
vn 0.000000 -0.403329 -0.915055
vn 0.000000 -0.403329 -0.915055
vn 0.000000 -0.403329 -0.915055
vn 0.000000 -0.403329 -0.915055
vn 0.000000 -0.403329 -0.915055
vn 0.000000 -0.403329 -0.915055
vn 0.000000 -0.403329 -0.915055
vn 0.000000 -0.403329 -0.915055
vn 0.104211 -0.104212 -0.989080
vn 0.104211 -0.104212 -0.989080
vn 0.104211 -0.104212 -0.989080
vn 0.104782 0.000000 -0.994495
vn 0.104782 0.000000 -0.994495
vn 0.104782 0.000000 -0.994495
vn 0.000000 0.000000 -1.000000
vn 0.000000 0.000000 -1.000000
vn 0.000000 0.000000 -1.000000
vn 0.000000 0.000000 -1.000000
vn 0.000000 0.000000 -1.000000
vn 0.000000 0.000000 -1.000000
vn 0.000000 0.000000 -1.000000
vn 0.000000 0.000000 -1.000000
vn 0.000000 0.000000 -1.000000
vn 0.104210 -0.104208 -0.989081
vn 0.104210 -0.104208 -0.989081
vn 0.104210 -0.104208 -0.989081
vn 0.000000 0.000000 -1.000000
vn 0.000000 0.000000 -1.000000
vn 0.000000 0.000000 -1.000000
vn 0.000000 0.000000 -1.000000
vn 0.000000 0.000000 -1.000000
vn 0.000000 0.000000 -1.000000
vn 0.000000 0.000000 -1.000000
vn 0.000000 0.000000 -1.000000
vn 0.000000 0.000000 -1.000000
vn 0.000000 0.000000 -1.000000
vn 0.000000 0.000000 -1.000000
vn 0.000000 0.000000 -1.000000
vn 0.000000 0.000000 -1.000000
vn 0.000000 0.000000 -1.000000
vn 0.000000 0.000000 -1.000000
vn 0.000000 0.000000 -1.000000
vn 0.000000 0.000000 -1.000000
vn 0.000000 0.000000 -1.000000
vn 0.000000 0.000000 -1.000000
vn 0.000000 0.000000 -1.000000
vn 0.000000 0.000000 -1.000000
vn 0.000000 0.000000 -1.000000
vn 0.000000 0.000000 -1.000000
vn 0.000000 0.000000 -1.000000
vn 0.000000 0.000000 -1.000000
vn 0.000000 0.000000 -1.000000
vn 0.000000 0.000000 -1.000000
vn 0.000000 0.000000 -1.000000
vn 0.000000 0.000000 -1.000000
vn 0.000000 0.000000 -1.000000
vn 0.000000 0.000000 -1.000000
vn 0.000000 0.000000 -1.000000
vn 0.000000 0.000000 -1.000000
vn 0.000000 0.000000 -1.000000
vn 0.000000 0.000000 -1.000000
vn 0.000000 0.000000 -1.000000
vn 0.000000 0.000000 -1.000000
vn 0.000000 0.000000 -1.000000
vn 0.000000 0.000000 -1.000000
vn 0.000000 0.000000 -1.000000
vn 0.000000 0.000000 -1.000000
vn 0.000000 0.000000 -1.000000
vn 0.000000 0.000000 -1.000000
vn 0.000000 0.000000 -1.000000
vn 0.000000 0.000000 -1.000000
vn 0.000000 0.000000 -1.000000
vn 0.000000 0.000000 -1.000000
vn 0.000000 0.000000 -1.000000
vn 0.000000 0.000000 -1.000000
vn 0.000000 0.000000 -1.000000
vn 0.000000 0.000000 -1.000000
vn 0.000000 0.000000 -1.000000
vn 0.000000 0.000000 -1.000000
vn 0.000000 0.000000 -1.000000
vn 0.000000 0.000000 -1.000000
vn 0.000000 0.000000 -1.000000
vn 0.000000 0.000000 -1.000000
vn 0.000000 0.000000 -1.000000
vn 0.000000 0.000000 -1.000000
vn 0.000000 0.000000 -1.000000
vn 0.000000 0.000000 -1.000000
vn 0.000000 0.000000 -1.000000
vn 0.000000 0.000000 -1.000000
vn 0.000000 0.000000 -1.000000
vn 0.000000 0.000000 -1.000000
vn 0.000000 0.000000 -1.000000
vn 0.000000 0.000000 -1.000000
vn 0.000000 0.000000 -1.000000
vn 0.000000 0.000000 -1.000000
vn 0.000000 0.000000 -1.000000
vn 0.000000 0.000000 -1.000000
vn 0.000000 0.000000 -1.000000
vn 0.000000 0.000000 -1.000000
vn 0.000000 0.000000 -1.000000
vn 0.000000 0.000000 -1.000000
vn 0.000000 0.000000 -1.000000
vn 0.000000 0.000000 -1.000000
vn 0.000000 0.000000 -1.000000
vn 0.000000 0.000000 -1.000000
vn 0.000000 0.000000 -1.000000
vn 0.000000 0.000000 -1.000000
vn 0.000000 0.000000 -1.000000
vn 0.000000 0.000000 -1.000000
vn 0.000000 0.000000 -1.000000
vn 0.000000 0.000000 -1.000000
vn 0.000000 0.000000 -1.000000
vn 0.000000 0.000000 -1.000000
vn -0.403392 0.000000 -0.915027
vn -0.403392 0.000000 -0.915027
vn -0.403392 0.000000 -0.915027
vn -0.401531 -0.095966 -0.910804
vn -0.401531 -0.095966 -0.910804
vn -0.401531 -0.095966 -0.910804
vn 0.314022 -0.159020 -0.936004
vn 0.314022 -0.159020 -0.936004
vn 0.314022 -0.159020 -0.936004
vn 0.316495 -0.099397 -0.943372
vn 0.316495 -0.099397 -0.943372
vn 0.316495 -0.099397 -0.943372
vn 0.104212 -0.104213 -0.989080
vn 0.104212 -0.104213 -0.989080
vn 0.104212 -0.104213 -0.989080
vn -0.104212 -0.104213 -0.989080
vn -0.104212 -0.104213 -0.989080
vn -0.104212 -0.104213 -0.989080
vn -0.104212 -0.104213 -0.989080
vn -0.104212 -0.104213 -0.989080
vn -0.104212 -0.104213 -0.989080
vn 0.095964 0.401540 0.910800
vn 0.095964 0.401540 0.910800
vn 0.095964 0.401540 0.910800
vn 0.000000 0.403402 0.915023
vn 0.000000 0.403402 0.915023
vn 0.000000 0.403402 0.915023
vn 0.000000 0.000000 1.000000
vn 0.000000 0.000000 1.000000
vn 0.000000 0.000000 1.000000
vn 0.000000 0.000000 1.000000
vn 0.000000 0.000000 1.000000
vn 0.000000 0.000000 1.000000
vn 0.000000 0.000000 1.000000
vn 0.000000 0.000000 1.000000
vn 0.000000 0.000000 1.000000
vn 0.000000 0.000000 1.000000
vn 0.000000 0.000000 1.000000
vn 0.000000 0.000000 1.000000
vn 0.000000 0.000000 1.000000
vn 0.000000 0.000000 1.000000
vn 0.000000 0.000000 1.000000
vn 0.000000 0.000000 1.000000
vn 0.000000 0.000000 1.000000
vn 0.000000 0.000000 1.000000
vn 0.000000 0.000000 1.000000
vn 0.000000 0.000000 1.000000
vn 0.000000 0.000000 1.000000
vn -0.095964 0.401540 0.910800
vn -0.095964 0.401540 0.910800
vn -0.095964 0.401540 0.910800
vn -0.104211 0.104209 0.989081
vn -0.104211 0.104209 0.989081
vn -0.104211 0.104209 0.989081
vn 0.099396 0.316477 0.943378
vn 0.099396 0.316477 0.943378
vn 0.099396 0.316477 0.943378
vn 0.000000 0.318052 0.948073
vn 0.000000 0.318052 0.948073
vn 0.000000 0.318052 0.948073
vn 0.000000 0.000000 1.000000
vn 0.000000 0.000000 1.000000
vn 0.000000 0.000000 1.000000
vn 0.000000 0.000000 1.000000
vn 0.000000 0.000000 1.000000
vn 0.000000 0.000000 1.000000
vn 0.000000 0.000000 1.000000
vn 0.000000 0.000000 1.000000
vn 0.000000 0.000000 1.000000
vn 0.000000 0.000000 1.000000
vn 0.000000 0.000000 1.000000
vn 0.000000 0.000000 1.000000
vn 0.000000 0.000000 1.000000
vn 0.000000 0.000000 1.000000
vn 0.000000 0.000000 1.000000
vn 0.000000 0.000000 1.000000
vn 0.000000 0.000000 1.000000
vn 0.000000 0.000000 1.000000
vn 0.000000 0.000000 1.000000
vn 0.000000 0.000000 1.000000
vn 0.000000 0.000000 1.000000
vn 0.000000 0.000000 1.000000
vn 0.000000 0.000000 1.000000
vn 0.000000 0.000000 1.000000
vn 0.000000 0.000000 1.000000
vn 0.000000 0.000000 1.000000
vn 0.000000 0.000000 1.000000
vn 0.000000 0.000000 1.000000
vn 0.000000 0.000000 1.000000
vn 0.000000 0.000000 1.000000
vn 0.000000 0.000000 1.000000
vn 0.000000 0.000000 1.000000
vn 0.000000 0.000000 1.000000
vn 0.000000 0.000000 1.000000
vn 0.000000 0.000000 1.000000
vn 0.000000 0.000000 1.000000
vn 0.000000 0.000000 1.000000
vn 0.000000 0.000000 1.000000
vn 0.000000 0.000000 1.000000
vn 0.000000 0.000000 1.000000
vn 0.000000 0.000000 1.000000
vn 0.000000 0.000000 1.000000
vn 0.000000 0.000000 1.000000
vn 0.000000 0.000000 1.000000
vn 0.000000 0.000000 1.000000
vn 0.000000 0.000000 1.000000
vn 0.000000 0.000000 1.000000
vn 0.000000 0.000000 1.000000
vn 0.000000 0.000000 1.000000
vn 0.000000 0.000000 1.000000
vn 0.000000 0.000000 1.000000
vn 0.000000 0.000000 1.000000
vn 0.000000 0.000000 1.000000
vn 0.000000 0.000000 1.000000
vn 0.000000 0.000000 1.000000
vn 0.000000 0.000000 1.000000
vn 0.000000 0.000000 1.000000
vn 0.000000 0.000000 1.000000
vn 0.000000 0.000000 1.000000
vn 0.000000 0.000000 1.000000
vn 0.000000 0.000000 1.000000
vn 0.000000 0.000000 1.000000
vn 0.000000 0.000000 1.000000
vn 0.000000 0.000000 1.000000
vn 0.000000 0.000000 1.000000
vn 0.000000 0.000000 1.000000
vn 0.000000 0.000000 1.000000
vn 0.000000 0.000000 1.000000
vn 0.000000 0.000000 1.000000
vn -0.318070 0.000000 0.948067
vn -0.318070 0.000000 0.948067
vn -0.318070 0.000000 0.948067
vn 0.000000 0.000000 1.000000
vn 0.000000 0.000000 1.000000
vn 0.000000 0.000000 1.000000
vn 0.000000 0.000000 1.000000
vn 0.000000 0.000000 1.000000
vn 0.000000 0.000000 1.000000
vn 0.000000 0.000000 1.000000
vn 0.000000 0.000000 1.000000
vn 0.000000 0.000000 1.000000
vn 0.000000 0.000000 1.000000
vn 0.000000 0.000000 1.000000
vn 0.000000 0.000000 1.000000
vn 0.000000 0.000000 1.000000
vn 0.000000 0.000000 1.000000
vn 0.000000 0.000000 1.000000
vn 0.000000 0.000000 1.000000
vn 0.000000 0.000000 1.000000
vn 0.000000 0.000000 1.000000
vn 0.000000 0.000000 1.000000
vn 0.000000 0.000000 1.000000
vn 0.000000 0.000000 1.000000
vn 0.401533 0.095966 0.910803
vn 0.401533 0.095966 0.910803
vn 0.401533 0.095966 0.910803
vn 0.104212 0.104213 0.989080
vn 0.104212 0.104213 0.989080
vn 0.104212 0.104213 0.989080
vn 0.000000 0.000000 1.000000
vn 0.000000 0.000000 1.000000
vn 0.000000 0.000000 1.000000
vn 0.000000 0.000000 1.000000
vn 0.000000 0.000000 1.000000
vn 0.000000 0.000000 1.000000
vn 0.000000 0.000000 1.000000
vn 0.000000 0.000000 1.000000
vn 0.000000 0.000000 1.000000
vn 0.000000 0.000000 1.000000
vn 0.000000 0.000000 1.000000
vn 0.000000 0.000000 1.000000
vn 0.000000 0.000000 1.000000
vn 0.000000 0.000000 1.000000
vn 0.000000 0.000000 1.000000
vn 0.000000 0.000000 1.000000
vn 0.000000 0.000000 1.000000
vn 0.000000 0.000000 1.000000
vn 0.000000 0.000000 1.000000
vn 0.000000 0.000000 1.000000
vn 0.000000 0.000000 1.000000
vn 0.000000 0.000000 1.000000
vn 0.000000 0.000000 1.000000
vn 0.000000 0.000000 1.000000
vn 0.000000 0.000000 1.000000
vn 0.000000 0.000000 1.000000
vn 0.000000 0.000000 1.000000
vn 0.000000 0.000000 1.000000
vn 0.000000 0.000000 1.000000
vn 0.000000 0.000000 1.000000
vn 0.000000 0.000000 1.000000
vn 0.000000 0.000000 1.000000
vn 0.000000 0.000000 1.000000
vn 0.000000 0.000000 1.000000
vn 0.000000 0.000000 1.000000
vn 0.000000 0.000000 1.000000
vn 0.000000 0.000000 1.000000
vn 0.000000 0.000000 1.000000
vn 0.000000 0.000000 1.000000
vn 0.000000 0.000000 1.000000
vn 0.000000 0.000000 1.000000
vn 0.000000 0.000000 1.000000
vn 0.000000 0.000000 1.000000
vn 0.000000 0.000000 1.000000
vn 0.000000 0.000000 1.000000
vn 0.000000 0.000000 1.000000
vn 0.000000 0.000000 1.000000
vn 0.000000 0.000000 1.000000
vn 0.000000 0.000000 1.000000
vn 0.000000 0.000000 1.000000
vn 0.000000 0.000000 1.000000
vn 0.000000 0.000000 1.000000
vn 0.000000 0.000000 1.000000
vn 0.000000 0.000000 1.000000
vn 0.000000 0.000000 1.000000
vn 0.000000 0.000000 1.000000
vn 0.000000 0.000000 1.000000
vn 0.000000 0.000000 1.000000
vn 0.000000 0.000000 1.000000
vn 0.000000 0.000000 1.000000
vn 0.000000 0.000000 1.000000
vn 0.000000 0.000000 1.000000
vn 0.000000 0.000000 1.000000
vn 0.000000 0.000000 1.000000
vn 0.000000 0.000000 1.000000
vn 0.000000 0.000000 1.000000
vn 0.403395 0.000000 0.915026
vn 0.403395 0.000000 0.915026
vn 0.403395 0.000000 0.915026
vn 0.000000 0.000000 1.000000
vn 0.000000 0.000000 1.000000
vn 0.000000 0.000000 1.000000
vn 0.000000 0.000000 1.000000
vn 0.000000 0.000000 1.000000
vn 0.000000 0.000000 1.000000
vn 0.000000 0.000000 1.000000
vn 0.000000 0.000000 1.000000
vn 0.000000 0.000000 1.000000
vn 0.000000 0.000000 1.000000
vn 0.000000 0.000000 1.000000
vn 0.000000 0.000000 1.000000
vn 0.000000 0.000000 1.000000
vn 0.000000 0.000000 1.000000
vn 0.000000 0.000000 1.000000
vn 0.000000 0.000000 1.000000
vn 0.000000 0.000000 1.000000
vn 0.000000 0.000000 1.000000
vn 0.000000 0.000000 1.000000
vn 0.000000 0.000000 1.000000
vn 0.000000 0.000000 1.000000
vn 0.000000 0.000000 1.000000
vn 0.000000 0.000000 1.000000
vn 0.000000 0.000000 1.000000
vn 0.000000 0.000000 1.000000
vn 0.000000 0.000000 1.000000
vn 0.000000 0.000000 1.000000
vn 0.000000 0.000000 1.000000
vn 0.000000 0.000000 1.000000
vn 0.000000 0.000000 1.000000
vn 0.000000 0.000000 1.000000
vn 0.000000 0.000000 1.000000
vn 0.000000 0.000000 1.000000
vn -0.104211 -0.104213 0.989080
vn -0.104211 -0.104213 0.989080
vn -0.104211 -0.104213 0.989080
vn 0.403395 0.000000 0.915026
vn 0.403395 0.000000 0.915026
vn 0.403395 0.000000 0.915026
vn 0.000000 0.000000 1.000000
vn 0.000000 0.000000 1.000000
vn 0.000000 0.000000 1.000000
vn 0.000000 0.000000 1.000000
vn 0.000000 0.000000 1.000000
vn 0.000000 0.000000 1.000000
vn 0.000000 0.000000 1.000000
vn 0.000000 0.000000 1.000000
vn 0.000000 0.000000 1.000000
vn 0.000000 0.000000 1.000000
vn 0.000000 0.000000 1.000000
vn 0.000000 0.000000 1.000000
vn 0.000000 0.000000 1.000000
vn 0.000000 0.000000 1.000000
vn 0.000000 0.000000 1.000000
vn 0.000000 0.000000 1.000000
vn 0.000000 0.000000 1.000000
vn 0.000000 0.000000 1.000000
vn 0.000000 0.000000 1.000000
vn 0.000000 0.000000 1.000000
vn 0.000000 0.000000 1.000000
vn 0.000000 0.000000 1.000000
vn 0.000000 0.000000 1.000000
vn 0.000000 0.000000 1.000000
vn 0.000000 0.000000 1.000000
vn 0.000000 0.000000 1.000000
vn 0.000000 0.000000 1.000000
vn 0.000000 0.000000 1.000000
vn 0.000000 0.000000 1.000000
vn 0.000000 0.000000 1.000000
vn 0.000000 0.000000 1.000000
vn 0.000000 0.000000 1.000000
vn 0.000000 0.000000 1.000000
vn 0.000000 0.000000 1.000000
vn 0.000000 0.000000 1.000000
vn 0.000000 0.000000 1.000000
vn 0.104211 -0.104213 0.989080
vn 0.104211 -0.104213 0.989080
vn 0.104211 -0.104213 0.989080
vn 0.095967 -0.401467 0.910832
vn 0.095967 -0.401467 0.910832
vn 0.095967 -0.401467 0.910832
vn 0.000000 0.000000 1.000000
vn 0.000000 0.000000 1.000000
vn 0.000000 0.000000 1.000000
vn 0.000000 -0.403329 0.915055
vn 0.000000 -0.403329 0.915055
vn 0.000000 -0.403329 0.915055
vn 0.000000 -0.403329 0.915055
vn 0.000000 -0.403329 0.915055
vn 0.000000 -0.403329 0.915055
vn -0.104211 -0.104213 0.989080
vn -0.104211 -0.104213 0.989080
vn -0.104211 -0.104213 0.989080
vn 0.000000 -0.403329 0.915055
vn 0.000000 -0.403329 0.915055
vn 0.000000 -0.403329 0.915055
s off
g polySurface1 _Users_User_Desktop_TeethProject_teeth_slice_P3_3_3_3stl_3_3_slice7_stl
usemtl initialShadingGroup
f 96//1 92//2 94//3
f 94//4 92//5 71//6
f 94//7 71//8 70//9
f 70//10 71//11 47//12
f 70//13 47//14 45//15
f 45//16 47//17 32//18
f 45//19 32//20 30//21
f 30//22 32//23 17//24
f 30//25 17//26 15//27
f 15//28 17//29 5//30
f 15//31 5//32 13//33
f 13//34 5//35 3//36
f 13//37 3//38 9//39
f 9//40 3//41 4//42
f 9//43 4//44 12//45
f 12//46 4//47 14//48
f 12//49 14//50 27//51
f 27//52 14//53 29//54
f 27//55 29//56 42//57
f 42//58 29//59 44//60
f 42//61 44//62 67//63
f 67//64 44//65 69//66
f 67//67 69//68 92//69
f 92//70 69//71 71//72
f 48//73 69//74 46//75
f 46//76 69//77 44//78
f 46//79 44//80 31//81
f 31//82 44//83 29//84
f 31//85 29//86 16//87
f 16//88 29//89 14//90
f 16//91 14//92 4//93
f 69//94 48//95 71//96
f 71//97 48//98 47//99
f 48//100 46//101 34//102
f 34//103 46//104 33//105
f 34//106 33//107 32//108
f 32//109 33//110 19//111
f 32//112 19//113 17//114
f 17//115 19//116 7//117
f 17//118 7//119 5//120
f 5//121 7//122 2//123
f 5//124 2//125 1//126
f 1//127 2//128 6//129
f 1//130 6//131 4//132
f 4//133 6//134 16//135
f 141//136 138//137 140//138
f 140//139 138//140 118//141
f 140//142 118//143 117//144
f 117//145 118//146 93//147
f 117//148 93//149 91//150
f 91//151 93//152 68//153
f 91//154 68//155 66//156
f 66//157 68//158 43//159
f 66//160 43//161 41//162
f 41//163 43//164 28//165
f 41//166 28//167 26//168
f 26//169 28//170 13//171
f 26//172 13//173 24//174
f 24//175 13//176 11//177
f 24//178 11//179 21//180
f 21//181 11//182 12//183
f 21//184 12//185 23//186
f 23//187 12//188 25//189
f 23//190 25//191 38//192
f 38//193 25//194 40//195
f 38//196 40//197 63//198
f 63//199 40//200 65//201
f 63//202 65//203 88//204
f 88//205 65//206 90//207
f 88//208 90//209 116//210
f 116//211 90//212 92//213
f 116//214 92//215 96//216
f 118//217 138//218 116//219
f 116//220 138//221 114//222
f 116//223 114//224 88//225
f 88//226 114//227 86//228
f 88//229 86//230 63//231
f 63//232 86//233 61//234
f 63//235 61//236 38//237
f 38//238 61//239 36//240
f 38//241 36//242 23//243
f 23//244 36//245 35//246
f 23//247 35//248 22//249
f 22//250 35//251 37//252
f 22//253 37//254 24//255
f 24//256 37//257 39//258
f 24//259 39//260 26//261
f 26//262 39//263 41//264
f 116//265 96//266 118//267
f 118//268 96//269 93//270
f 92//271 90//272 67//273
f 67//274 90//275 65//276
f 67//277 65//278 42//279
f 42//280 65//281 40//282
f 42//283 40//284 27//285
f 27//286 40//287 25//288
f 27//289 25//290 12//291
f 46//292 31//293 33//294
f 33//295 31//296 20//297
f 33//298 20//299 19//300
f 19//301 20//302 10//303
f 19//304 10//305 7//306
f 7//307 10//308 8//309
f 7//310 8//311 2//312
f 2//313 8//314 6//315
f 20//316 31//317 18//318
f 18//319 31//320 16//321
f 18//322 16//323 6//324
f 20//325 18//326 10//327
f 10//328 18//329 8//330
f 183//331 179//332 181//333
f 181//334 179//335 161//336
f 181//337 161//338 160//339
f 160//340 161//341 139//342
f 160//343 139//344 137//345
f 137//346 139//347 115//348
f 137//349 115//350 113//351
f 113//352 115//353 87//354
f 113//355 87//356 85//357
f 85//358 87//359 62//360
f 85//361 62//362 60//363
f 60//364 62//365 37//366
f 60//367 37//368 58//369
f 58//370 37//371 35//372
f 58//373 35//374 49//375
f 49//376 35//377 36//378
f 49//379 36//380 57//381
f 57//382 36//383 59//384
f 57//385 59//386 82//387
f 82//388 59//389 84//390
f 82//391 84//392 110//393
f 110//394 84//395 112//396
f 110//397 112//398 134//399
f 134//400 112//401 136//402
f 134//403 136//404 159//405
f 159//406 136//407 138//408
f 159//409 138//410 141//411
f 161//412 179//413 159//414
f 159//415 179//416 157//417
f 159//418 157//419 134//420
f 134//421 157//422 132//423
f 134//424 132//425 110//426
f 110//427 132//428 108//429
f 110//430 108//431 82//432
f 82//433 108//434 80//435
f 82//436 80//437 57//438
f 57//439 80//440 55//441
f 57//442 55//443 50//444
f 50//445 55//446 51//447
f 50//448 51//449 54//450
f 54//451 51//452 52//453
f 54//454 52//455 75//456
f 75//457 52//458 72//459
f 75//460 72//461 73//462
f 73//463 72//464 74//465
f 73//466 74//467 95//468
f 95//469 74//470 98//471
f 95//472 98//473 97//474
f 97//475 98//476 119//477
f 97//478 119//479 121//480
f 121//481 119//482 144//483
f 121//484 144//485 146//486
f 146//487 144//488 166//489
f 146//490 166//491 168//492
f 168//493 166//494 188//495
f 168//496 188//497 190//498
f 190//499 188//500 205//501
f 190//502 205//503 207//504
f 207//505 205//506 213//507
f 207//508 213//509 214//510
f 214//511 213//512 204//513
f 214//514 204//515 206//516
f 206//517 204//518 189//519
f 206//520 189//521 191//522
f 191//523 189//524 169//525
f 191//526 169//527 171//528
f 171//529 169//530 149//531
f 171//532 149//533 151//534
f 151//535 149//536 126//537
f 151//538 126//539 128//540
f 128//541 126//542 104//543
f 128//544 104//545 106//546
f 106//547 104//548 78//549
f 106//550 78//551 80//552
f 80//553 78//554 55//555
f 159//556 141//557 161//558
f 161//559 141//560 139//561
f 138//562 136//563 114//564
f 114//565 136//566 112//567
f 114//568 112//569 86//570
f 86//571 112//572 84//573
f 86//574 84//575 61//576
f 61//577 84//578 59//579
f 61//580 59//581 36//582
f 8//583 18//584 6//585
f 202//586 197//587 199//588
f 199//589 197//590 183//591
f 199//592 183//593 180//594
f 180//595 183//596 181//597
f 180//598 181//599 160//600
f 183//601 197//602 179//603
f 179//604 197//605 177//606
f 179//607 177//608 157//609
f 157//610 177//611 155//612
f 157//613 155//614 132//615
f 132//616 155//617 130//618
f 132//619 130//620 108//621
f 108//622 130//623 106//624
f 108//625 106//626 80//627
f 216//628 210//629 212//630
f 212//631 210//632 202//633
f 212//634 202//635 198//636
f 198//637 202//638 199//639
f 198//640 199//641 180//642
f 202//643 210//644 197//645
f 197//646 210//647 195//648
f 197//649 195//650 175//651
f 175//652 195//653 173//654
f 175//655 173//656 153//657
f 153//658 173//659 151//660
f 153//661 151//662 128//663
f 197//664 175//665 177//666
f 177//667 175//668 155//669
f 4//670 3//671 1//672
f 1//673 3//674 5//675
f 216//676 208//677 210//678
f 210//679 208//680 193//681
f 210//682 193//683 195//684
f 195//685 193//686 173//687
f 216//688 215//689 208//690
f 208//691 215//692 206//693
f 208//694 206//695 191//696
f 175//697 153//698 155//699
f 155//700 153//701 130//702
f 12//703 11//704 9//705
f 9//706 11//707 13//708
f 206//709 215//710 214//711
f 214//712 215//713 209//714
f 214//715 209//716 207//717
f 207//718 209//719 192//720
f 207//721 192//722 190//723
f 190//724 192//725 170//726
f 190//727 170//728 168//729
f 168//730 170//731 148//732
f 168//733 148//734 146//735
f 146//736 148//737 123//738
f 146//739 123//740 121//741
f 121//742 123//743 99//744
f 121//745 99//746 97//747
f 97//748 99//749 95//750
f 208//751 191//752 193//753
f 193//754 191//755 171//756
f 193//757 171//758 173//759
f 173//760 171//761 151//762
f 153//763 128//764 130//765
f 130//766 128//767 106//768
f 23//769 22//770 21//771
f 21//772 22//773 24//774
f 57//775 50//776 49//777
f 49//778 50//779 56//780
f 49//781 56//782 58//783
f 58//784 56//785 81//786
f 58//787 81//788 83//789
f 83//790 81//791 109//792
f 83//793 109//794 111//795
f 111//796 109//797 133//798
f 111//799 133//800 135//801
f 135//802 133//803 158//804
f 135//805 158//806 160//807
f 160//808 158//809 180//810
f 204//811 213//812 203//813
f 203//814 213//815 205//816
f 203//817 205//818 201//819
f 201//820 205//821 188//822
f 201//823 188//824 200//825
f 200//826 188//827 186//828
f 200//829 186//830 184//831
f 184//832 186//833 182//834
f 184//835 182//836 163//837
f 163//838 182//839 162//840
f 163//841 162//842 143//843
f 143//844 162//845 142//846
f 143//847 142//848 120//849
f 120//850 142//851 119//852
f 120//853 119//854 98//855
f 203//856 201//857 187//858
f 187//859 201//860 185//861
f 187//862 185//863 165//864
f 165//865 185//866 163//867
f 165//868 163//869 143//870
f 203//871 187//872 204//873
f 204//874 187//875 189//876
f 169//877 189//878 167//879
f 167//880 189//881 187//882
f 167//883 187//884 165//885
f 149//886 169//887 147//888
f 147//889 169//890 167//891
f 147//892 167//893 145//894
f 145//895 167//896 165//897
f 145//898 165//899 143//900
f 126//901 149//902 124//903
f 124//904 149//905 147//906
f 124//907 147//908 122//909
f 122//910 147//911 145//912
f 122//913 145//914 120//915
f 120//916 145//917 143//918
f 104//919 126//920 102//921
f 102//922 126//923 124//924
f 102//925 124//926 100//927
f 100//928 124//929 122//930
f 100//931 122//932 98//933
f 98//934 122//935 120//936
f 78//937 104//938 76//939
f 76//940 104//941 102//942
f 76//943 102//944 74//945
f 74//946 102//947 100//948
f 74//949 100//950 98//951
f 55//952 78//953 53//954
f 53//955 78//956 76//957
f 53//958 76//959 74//960
f 55//961 53//962 51//963
f 51//964 53//965 52//966
f 201//967 200//968 185//969
f 185//970 200//971 184//972
f 185//973 184//974 163//975
f 52//976 53//977 72//978
f 72//979 53//980 74//981
f 96//982 94//983 93//984
f 93//985 94//986 70//987
f 93//988 70//989 68//990
f 68//991 70//992 45//993
f 68//994 45//995 43//996
f 43//997 45//998 30//999
f 43//1000 30//1001 28//1002
f 28//1003 30//1004 15//1005
f 28//1006 15//1007 13//1008
f 48//1009 34//1010 47//1011
f 47//1012 34//1013 32//1014
f 141//1015 140//1016 139//1017
f 139//1018 140//1019 117//1020
f 139//1021 117//1022 115//1023
f 115//1024 117//1025 89//1026
f 115//1027 89//1028 87//1029
f 87//1030 89//1031 64//1032
f 87//1033 64//1034 62//1035
f 62//1036 64//1037 39//1038
f 62//1039 39//1040 37//1041
f 117//1042 91//1043 89//1044
f 89//1045 91//1046 66//1047
f 89//1048 66//1049 64//1050
f 64//1051 66//1052 41//1053
f 64//1054 41//1055 39//1056
f 198//1057 180//1058 178//1059
f 178//1060 180//1061 158//1062
f 178//1063 158//1064 156//1065
f 156//1066 158//1067 133//1068
f 156//1069 133//1070 131//1071
f 131//1072 133//1073 109//1074
f 131//1075 109//1076 107//1077
f 107//1078 109//1079 81//1080
f 107//1081 81//1082 79//1083
f 79//1084 81//1085 56//1086
f 79//1087 56//1088 54//1089
f 54//1090 56//1091 50//1092
f 160//1093 137//1094 135//1095
f 135//1096 137//1097 113//1098
f 135//1099 113//1100 111//1101
f 111//1102 113//1103 85//1104
f 111//1105 85//1106 83//1107
f 83//1108 85//1109 60//1110
f 83//1111 60//1112 58//1113
f 216//1114 212//1115 211//1116
f 211//1117 212//1118 198//1119
f 211//1120 198//1121 196//1122
f 196//1123 198//1124 176//1125
f 196//1126 176//1127 174//1128
f 174//1129 176//1130 154//1131
f 174//1132 154//1133 152//1134
f 152//1135 154//1136 129//1137
f 152//1138 129//1139 127//1140
f 127//1141 129//1142 105//1143
f 127//1144 105//1145 103//1146
f 103//1147 105//1148 77//1149
f 103//1150 77//1151 75//1152
f 75//1153 77//1154 54//1155
f 198//1156 178//1157 176//1158
f 176//1159 178//1160 156//1161
f 176//1162 156//1163 154//1164
f 154//1165 156//1166 131//1167
f 154//1168 131//1169 129//1170
f 129//1171 131//1172 107//1173
f 129//1174 107//1175 105//1176
f 105//1177 107//1178 79//1179
f 105//1180 79//1181 77//1182
f 77//1183 79//1184 54//1185
f 215//1186 211//1187 209//1188
f 209//1189 211//1190 194//1191
f 209//1192 194//1193 192//1194
f 192//1195 194//1196 172//1197
f 192//1198 172//1199 170//1200
f 170//1201 172//1202 150//1203
f 170//1204 150//1205 148//1206
f 148//1207 150//1208 125//1209
f 148//1210 125//1211 123//1212
f 123//1213 125//1214 101//1215
f 123//1216 101//1217 99//1218
f 99//1219 101//1220 75//1221
f 99//1222 75//1223 73//1224
f 216//1225 211//1226 215//1227
f 211//1228 196//1229 194//1230
f 194//1231 196//1232 174//1233
f 194//1234 174//1235 172//1236
f 172//1237 174//1238 152//1239
f 172//1240 152//1241 150//1242
f 150//1243 152//1244 127//1245
f 150//1246 127//1247 125//1248
f 125//1249 127//1250 103//1251
f 125//1252 103//1253 101//1254
f 101//1255 103//1256 75//1257
f 188//1258 166//1259 186//1260
f 186//1261 166//1262 164//1263
f 186//1264 164//1265 182//1266
f 182//1267 164//1268 162//1269
f 166//1270 144//1271 164//1272
f 164//1273 144//1274 142//1275
f 164//1276 142//1277 162//1278
f 73//1279 95//1280 99//1281
f 119//1282 142//1283 144//1284
