# This file uses centimeters as units for non-parametric coordinates.

mtllib 3_3_slice0.mtl
g default
v -6.547650 102.400002 60.400002
v -6.400000 102.251999 60.400002
v -6.400000 102.400002 60.384399
v -6.400000 102.400002 60.415600
v -6.400000 102.445999 60.400002
v -6.347650 102.199997 60.400002
v -6.200000 102.165001 60.400002
v -6.200000 102.199997 60.384399
v -6.200000 102.199997 60.415600
v -6.200000 102.400002 60.384399
v -6.200000 102.400002 60.415600
v -6.200000 102.547997 60.400002
v -6.147650 102.599998 60.400002
v -6.000000 102.165001 60.400002
v -6.000000 102.199997 60.384399
v -6.000000 102.199997 60.415600
v -6.000000 102.400002 60.384399
v -6.000000 102.400002 60.415600
v -6.000000 102.599998 60.384399
v -6.000000 102.599998 60.415600
v -6.000000 102.646004 60.400002
v -5.852350 102.199997 60.400002
v -5.800000 102.251999 60.400002
v -5.800000 102.400002 60.384399
v -5.800000 102.400002 60.415600
v -5.800000 102.599998 60.384399
v -5.800000 102.599998 60.415600
v -5.800000 102.748001 60.400002
v -5.747650 102.800003 60.400002
v -5.600000 102.353996 60.400002
v -5.600000 102.400002 60.384399
v -5.600000 102.400002 60.415600
v -5.600000 102.599998 60.384399
v -5.600000 102.599998 60.415600
v -5.600000 102.800003 60.384399
v -5.600000 102.800003 60.415600
v -5.600000 102.834999 60.400002
v -5.452350 102.400002 60.400002
v -5.400000 102.452003 60.400002
v -5.400000 102.599998 60.384399
v -5.400000 102.599998 60.415600
v -5.400000 102.800003 60.384399
v -5.400000 102.800003 60.415600
v -5.400000 102.834999 60.400002
v -5.200000 102.554001 60.400002
v -5.200000 102.599998 60.384399
v -5.200000 102.599998 60.415600
v -5.200000 102.800003 60.384399
v -5.200000 102.800003 60.415600
v -5.200000 102.834999 60.400002
v -5.000000 102.565002 60.400002
v -5.000000 102.599998 60.384399
v -5.000000 102.599998 60.415600
v -5.000000 102.800003 60.384399
v -5.000000 102.800003 60.415600
v -5.000000 102.834999 60.400002
v -4.800000 102.565002 60.400002
v -4.800000 102.599998 60.384399
v -4.800000 102.599998 60.415600
v -4.800000 102.800003 60.384399
v -4.800000 102.800003 60.415600
v -4.800000 102.834999 60.400002
v -4.600000 102.565002 60.400002
v -4.600000 102.599998 60.384399
v -4.600000 102.599998 60.415600
v -4.600000 102.800003 60.384399
v -4.600000 102.800003 60.415600
v -4.600000 102.834999 60.400002
v -4.400000 102.565002 60.400002
v -4.400000 102.599998 60.384399
v -4.400000 102.599998 60.415600
v -4.400000 102.800003 60.384399
v -4.400000 102.800003 60.415600
v -4.400000 102.834999 60.400002
v -4.200000 102.565002 60.400002
v -4.200000 102.599998 60.384399
v -4.200000 102.599998 60.415600
v -4.200000 102.800003 60.384399
v -4.200000 102.800003 60.415600
v -4.200000 102.834999 60.400002
v -4.000000 102.565002 60.400002
v -4.000000 102.599998 60.384399
v -4.000000 102.599998 60.415600
v -4.000000 102.800003 60.384399
v -4.000000 102.800003 60.415600
v -4.000000 102.834999 60.400002
v -3.800000 102.565002 60.400002
v -3.800000 102.599998 60.384399
v -3.800000 102.599998 60.415600
v -3.800000 102.800003 60.384399
v -3.800000 102.800003 60.415600
v -3.800000 102.834999 60.400002
v -3.600000 102.565002 60.400002
v -3.600000 102.599998 60.384399
v -3.600000 102.599998 60.415600
v -3.600000 102.800003 60.384399
v -3.600000 102.800003 60.415600
v -3.600000 102.834999 60.400002
v -3.400000 102.565002 60.400002
v -3.400000 102.599998 60.384399
v -3.400000 102.599998 60.415600
v -3.400000 102.800003 60.384399
v -3.400000 102.800003 60.415600
v -3.400000 102.834999 60.400002
v -3.200000 102.565002 60.400002
v -3.200000 102.599998 60.384399
v -3.200000 102.599998 60.415600
v -3.200000 102.800003 60.384399
v -3.200000 102.800003 60.415600
v -3.200000 102.834999 60.400002
v -3.000000 102.565002 60.400002
v -3.000000 102.599998 60.384399
v -3.000000 102.599998 60.415600
v -3.000000 102.800003 60.384399
v -3.000000 102.800003 60.415600
v -3.000000 102.834999 60.400002
v -2.800000 102.565002 60.400002
v -2.800000 102.599998 60.384399
v -2.800000 102.599998 60.415600
v -2.800000 102.800003 60.384399
v -2.800000 102.800003 60.415600
v -2.800000 102.834999 60.400002
v -2.600000 102.565002 60.400002
v -2.600000 102.599998 60.384399
v -2.600000 102.599998 60.415600
v -2.600000 102.800003 60.384399
v -2.600000 102.800003 60.415600
v -2.600000 102.834999 60.400002
v -2.400000 102.565002 60.400002
v -2.400000 102.599998 60.384399
v -2.400000 102.599998 60.415600
v -2.400000 102.800003 60.384399
v -2.400000 102.800003 60.415600
v -2.400000 102.834999 60.400002
v -2.200000 102.554001 60.400002
v -2.200000 102.599998 60.384399
v -2.200000 102.599998 60.415600
v -2.200000 102.800003 60.384399
v -2.200000 102.800003 60.415600
v -2.200000 102.834999 60.400002
v -2.000000 102.452003 60.400002
v -2.000000 102.599998 60.384399
v -2.000000 102.599998 60.415600
v -2.000000 102.800003 60.384399
v -2.000000 102.800003 60.415600
v -2.000000 102.834999 60.400002
v -1.947650 102.400002 60.400002
v -1.852350 102.800003 60.400002
v -1.800000 102.364998 60.400002
v -1.800000 102.400002 60.384399
v -1.800000 102.400002 60.415600
v -1.800000 102.599998 60.384399
v -1.800000 102.599998 60.415600
v -1.800000 102.748001 60.400002
v -1.600000 102.364998 60.400002
v -1.600000 102.400002 60.384399
v -1.600000 102.400002 60.415600
v -1.600000 102.599998 60.384399
v -1.600000 102.599998 60.415600
v -1.600000 102.646004 60.400002
v -1.400000 102.364998 60.400002
v -1.400000 102.400002 60.384399
v -1.400000 102.400002 60.415600
v -1.400000 102.599998 60.384399
v -1.400000 102.599998 60.415600
v -1.400000 102.635002 60.400002
v -1.200000 102.364998 60.400002
v -1.200000 102.400002 60.384399
v -1.200000 102.400002 60.415600
v -1.200000 102.599998 60.384399
v -1.200000 102.599998 60.415600
v -1.200000 102.635002 60.400002
v -1.052350 102.400002 60.400002
v -0.999999 102.452003 60.400002
v -0.999999 102.599998 60.384399
v -0.999999 102.599998 60.415600
v -0.999999 102.635002 60.400002
v -0.964713 102.599998 60.400002
vn 0.095964 0.401540 -0.910800
vn 0.095964 0.401540 -0.910800
vn 0.095964 0.401540 -0.910800
vn 0.000000 0.403402 -0.915023
vn 0.000000 0.403402 -0.915023
vn 0.000000 0.403402 -0.915023
vn 0.000000 0.403319 0.915060
vn 0.000000 0.403319 0.915060
vn 0.000000 0.403319 0.915060
vn 0.000000 0.403319 0.915060
vn 0.000000 0.403319 0.915060
vn 0.000000 0.403319 0.915060
vn 0.000000 0.000000 1.000000
vn 0.000000 0.000000 1.000000
vn 0.000000 0.000000 1.000000
vn 0.000000 0.000000 1.000000
vn 0.000000 0.000000 1.000000
vn 0.000000 0.000000 1.000000
vn 0.000000 -0.403319 0.915060
vn 0.000000 -0.403319 0.915060
vn 0.000000 -0.403319 0.915060
vn 0.000000 -0.403319 0.915060
vn 0.000000 -0.403319 0.915060
vn 0.000000 -0.403319 0.915060
vn 0.000000 -0.403402 -0.915023
vn 0.000000 -0.403402 -0.915023
vn 0.000000 -0.403402 -0.915023
vn 0.000000 -0.403402 -0.915023
vn 0.000000 -0.403402 -0.915023
vn 0.000000 -0.403402 -0.915023
vn -0.000000 0.000000 -1.000000
vn -0.000000 0.000000 -1.000000
vn -0.000000 0.000000 -1.000000
vn -0.000000 0.000000 -1.000000
vn -0.000000 0.000000 -1.000000
vn -0.000000 0.000000 -1.000000
vn 0.000000 0.403402 -0.915023
vn 0.000000 0.403402 -0.915023
vn 0.000000 0.403402 -0.915023
vn 0.000000 0.403402 -0.915023
vn 0.000000 0.403402 -0.915023
vn 0.000000 0.403402 -0.915023
vn 0.000000 0.403319 0.915060
vn 0.000000 0.403319 0.915060
vn 0.000000 0.403319 0.915060
vn 0.000000 0.403319 0.915060
vn 0.000000 0.403319 0.915060
vn 0.000000 0.403319 0.915060
vn 0.000000 0.000000 1.000000
vn 0.000000 0.000000 1.000000
vn 0.000000 0.000000 1.000000
vn 0.000000 0.000000 1.000000
vn 0.000000 0.000000 1.000000
vn 0.000000 0.000000 1.000000
vn 0.000000 -0.403319 0.915060
vn 0.000000 -0.403319 0.915060
vn 0.000000 -0.403319 0.915060
vn 0.000000 -0.403319 0.915060
vn 0.000000 -0.403319 0.915060
vn 0.000000 -0.403319 0.915060
vn 0.000000 -0.403402 -0.915023
vn 0.000000 -0.403402 -0.915023
vn 0.000000 -0.403402 -0.915023
vn 0.000000 -0.403402 -0.915023
vn 0.000000 -0.403402 -0.915023
vn 0.000000 -0.403402 -0.915023
vn -0.000000 0.000000 -1.000000
vn -0.000000 0.000000 -1.000000
vn -0.000000 0.000000 -1.000000
vn -0.000000 0.000000 -1.000000
vn -0.000000 0.000000 -1.000000
vn -0.000000 0.000000 -1.000000
vn 0.000000 0.403402 -0.915023
vn 0.000000 0.403402 -0.915023
vn 0.000000 0.403402 -0.915023
vn 0.000000 0.403402 -0.915023
vn 0.000000 0.403402 -0.915023
vn 0.000000 0.403402 -0.915023
vn 0.000000 0.403319 0.915060
vn 0.000000 0.403319 0.915060
vn 0.000000 0.403319 0.915060
vn 0.000000 0.403319 0.915060
vn 0.000000 0.403319 0.915060
vn 0.000000 0.403319 0.915060
vn 0.000000 0.000000 1.000000
vn 0.000000 0.000000 1.000000
vn 0.000000 0.000000 1.000000
vn 0.000000 0.000000 1.000000
vn 0.000000 0.000000 1.000000
vn 0.000000 0.000000 1.000000
vn 0.000000 -0.403319 0.915060
vn 0.000000 -0.403319 0.915060
vn 0.000000 -0.403319 0.915060
vn 0.000000 -0.403319 0.915060
vn 0.000000 -0.403319 0.915060
vn 0.000000 -0.403319 0.915060
vn 0.000000 -0.403402 -0.915023
vn 0.000000 -0.403402 -0.915023
vn 0.000000 -0.403402 -0.915023
vn 0.000000 -0.403402 -0.915023
vn 0.000000 -0.403402 -0.915023
vn 0.000000 -0.403402 -0.915023
vn -0.000000 0.000000 -1.000000
vn -0.000000 0.000000 -1.000000
vn -0.000000 0.000000 -1.000000
vn -0.000000 0.000000 -1.000000
vn -0.000000 0.000000 -1.000000
vn -0.000000 0.000000 -1.000000
vn 0.000000 0.403402 -0.915023
vn 0.000000 0.403402 -0.915023
vn 0.000000 0.403402 -0.915023
vn 0.000000 0.403402 -0.915023
vn 0.000000 0.403402 -0.915023
vn 0.000000 0.403402 -0.915023
vn 0.000000 0.403319 0.915060
vn 0.000000 0.403319 0.915060
vn 0.000000 0.403319 0.915060
vn 0.000000 0.403319 0.915060
vn 0.000000 0.403319 0.915060
vn 0.000000 0.403319 0.915060
vn 0.000000 0.000000 1.000000
vn 0.000000 0.000000 1.000000
vn 0.000000 0.000000 1.000000
vn 0.000000 0.000000 1.000000
vn 0.000000 0.000000 1.000000
vn 0.000000 0.000000 1.000000
vn 0.000000 0.000000 1.000000
vn 0.000000 0.000000 1.000000
vn 0.000000 0.000000 1.000000
vn 0.000000 0.000000 1.000000
vn 0.000000 0.000000 1.000000
vn 0.000000 0.000000 1.000000
vn 0.000000 -0.104753 0.994498
vn 0.000000 -0.104753 0.994498
vn 0.000000 -0.104753 0.994498
vn 0.104182 -0.104183 0.989086
vn 0.104182 -0.104183 0.989086
vn 0.104182 -0.104183 0.989086
vn 0.104212 -0.104213 -0.989080
vn 0.104212 -0.104213 -0.989080
vn 0.104212 -0.104213 -0.989080
vn 0.095964 -0.401540 -0.910800
vn 0.095964 -0.401540 -0.910800
vn 0.095964 -0.401540 -0.910800
vn 0.000000 -0.403402 -0.915023
vn 0.000000 -0.403402 -0.915023
vn 0.000000 -0.403402 -0.915023
vn 0.000000 -0.403402 -0.915023
vn 0.000000 -0.403402 -0.915023
vn 0.000000 -0.403402 -0.915023
vn -0.095964 -0.401540 -0.910800
vn -0.095964 -0.401540 -0.910800
vn -0.095964 -0.401540 -0.910800
vn -0.095944 -0.401458 0.910838
vn -0.095944 -0.401458 0.910838
vn -0.095944 -0.401458 0.910838
vn -0.104187 -0.104188 0.989085
vn -0.104187 -0.104188 0.989085
vn -0.104187 -0.104188 0.989085
vn -0.104185 -0.104183 0.989086
vn -0.104185 -0.104183 0.989086
vn -0.104185 -0.104183 0.989086
vn -0.104186 -0.104183 0.989086
vn -0.104186 -0.104183 0.989086
vn -0.104186 -0.104183 0.989086
vn -0.099373 0.316455 0.943388
vn -0.099373 0.316455 0.943388
vn -0.099373 0.316455 0.943388
vn -0.099394 0.316524 -0.943363
vn -0.099394 0.316524 -0.943363
vn -0.099394 0.316524 -0.943363
vn 0.000000 0.318099 -0.948057
vn 0.000000 0.318099 -0.948057
vn 0.000000 0.318099 -0.948057
vn -0.000000 0.000000 -1.000000
vn -0.000000 0.000000 -1.000000
vn -0.000000 0.000000 -1.000000
vn -0.000000 0.000000 -1.000000
vn -0.000000 0.000000 -1.000000
vn -0.000000 0.000000 -1.000000
vn -0.000000 0.000000 -1.000000
vn -0.000000 0.000000 -1.000000
vn -0.000000 0.000000 -1.000000
vn -0.000000 0.000000 -1.000000
vn -0.000000 0.000000 -1.000000
vn -0.000000 0.000000 -1.000000
vn 0.104210 -0.104208 -0.989081
vn 0.104210 -0.104208 -0.989081
vn 0.104210 -0.104208 -0.989081
vn 0.052985 -0.104631 -0.993099
vn 0.052985 -0.104631 -0.993099
vn 0.052985 -0.104631 -0.993099
vn 0.158979 -0.313938 0.936039
vn 0.158979 -0.313938 0.936039
vn 0.158979 -0.313938 0.936039
vn 0.099374 -0.316408 0.943404
vn 0.099374 -0.316408 0.943404
vn 0.099374 -0.316408 0.943404
vn 0.104186 -0.104188 0.989085
vn 0.104186 -0.104188 0.989085
vn 0.104186 -0.104188 0.989085
vn 0.104187 -0.104188 0.989085
vn 0.104187 -0.104188 0.989085
vn 0.104187 -0.104188 0.989085
vn 0.000000 -0.104758 0.994498
vn 0.000000 -0.104758 0.994498
vn 0.000000 -0.104758 0.994498
vn 0.159002 -0.313983 0.936020
vn 0.159002 -0.313983 0.936020
vn 0.159002 -0.313983 0.936020
vn 0.000000 -0.318029 0.948081
vn 0.000000 -0.318029 0.948081
vn 0.000000 -0.318029 0.948081
vn 0.022334 -0.403218 0.914831
vn 0.022334 -0.403218 0.914831
vn 0.022334 -0.403218 0.914831
vn 0.000000 -0.403319 0.915060
vn 0.000000 -0.403319 0.915060
vn 0.000000 -0.403319 0.915060
vn 0.000000 -0.403319 0.915060
vn 0.000000 -0.403319 0.915060
vn 0.000000 -0.403319 0.915060
vn 0.000000 -0.403319 0.915060
vn 0.000000 -0.403319 0.915060
vn 0.000000 -0.403319 0.915060
vn 0.000000 0.403402 -0.915023
vn 0.000000 0.403402 -0.915023
vn 0.000000 0.403402 -0.915023
vn -0.000000 0.000000 -1.000000
vn -0.000000 0.000000 -1.000000
vn -0.000000 0.000000 -1.000000
vn -0.000000 0.000000 -1.000000
vn -0.000000 0.000000 -1.000000
vn -0.000000 0.000000 -1.000000
vn 0.000000 -0.318099 -0.948057
vn 0.000000 -0.318099 -0.948057
vn 0.000000 -0.318099 -0.948057
vn -0.022339 -0.403301 -0.914795
vn -0.022339 -0.403301 -0.914795
vn -0.022339 -0.403301 -0.914795
vn -0.017613 -0.317980 0.947934
vn -0.017613 -0.317980 0.947934
vn -0.017613 -0.317980 0.947934
vn 0.000000 -0.403319 0.915060
vn 0.000000 -0.403319 0.915060
vn 0.000000 -0.403319 0.915060
vn 0.000000 0.000000 1.000000
vn 0.000000 0.000000 1.000000
vn 0.000000 0.000000 1.000000
vn 0.000000 0.403402 -0.915023
vn 0.000000 0.403402 -0.915023
vn 0.000000 0.403402 -0.915023
vn -0.000000 0.000000 -1.000000
vn -0.000000 0.000000 -1.000000
vn -0.000000 0.000000 -1.000000
vn -0.000000 0.000000 -1.000000
vn -0.000000 0.000000 -1.000000
vn -0.000000 0.000000 -1.000000
vn 0.000000 -0.403402 -0.915023
vn 0.000000 -0.403402 -0.915023
vn 0.000000 -0.403402 -0.915023
vn 0.000000 -0.403402 -0.915023
vn 0.000000 -0.403402 -0.915023
vn 0.000000 -0.403402 -0.915023
vn 0.000000 -0.403319 0.915060
vn 0.000000 -0.403319 0.915060
vn 0.000000 -0.403319 0.915060
vn 0.000000 0.403402 -0.915023
vn 0.000000 0.403402 -0.915023
vn 0.000000 0.403402 -0.915023
vn 0.000000 0.403319 0.915060
vn 0.000000 0.403319 0.915060
vn 0.000000 0.403319 0.915060
vn 0.000000 0.403402 -0.915023
vn 0.000000 0.403402 -0.915023
vn 0.000000 0.403402 -0.915023
vn -0.000000 0.000000 -1.000000
vn -0.000000 0.000000 -1.000000
vn -0.000000 0.000000 -1.000000
vn -0.000000 0.000000 -1.000000
vn -0.000000 0.000000 -1.000000
vn -0.000000 0.000000 -1.000000
vn 0.000000 -0.403402 -0.915023
vn 0.000000 -0.403402 -0.915023
vn 0.000000 -0.403402 -0.915023
vn 0.000000 0.403402 -0.915023
vn 0.000000 0.403402 -0.915023
vn 0.000000 0.403402 -0.915023
vn 0.000000 0.403319 0.915060
vn 0.000000 0.403319 0.915060
vn 0.000000 0.403319 0.915060
vn 0.000000 0.403319 0.915060
vn 0.000000 0.403319 0.915060
vn 0.000000 0.403319 0.915060
vn 0.000000 0.000000 1.000000
vn 0.000000 0.000000 1.000000
vn 0.000000 0.000000 1.000000
vn 0.000000 0.403402 -0.915023
vn 0.000000 0.403402 -0.915023
vn 0.000000 0.403402 -0.915023
vn -0.000000 0.000000 -1.000000
vn -0.000000 0.000000 -1.000000
vn -0.000000 0.000000 -1.000000
vn 0.000000 0.403402 -0.915023
vn 0.000000 0.403402 -0.915023
vn 0.000000 0.403402 -0.915023
vn 0.000000 0.403319 0.915060
vn 0.000000 0.403319 0.915060
vn 0.000000 0.403319 0.915060
vn 0.000000 0.403319 0.915060
vn 0.000000 0.403319 0.915060
vn 0.000000 0.403319 0.915060
vn 0.000000 0.000000 1.000000
vn 0.000000 0.000000 1.000000
vn 0.000000 0.000000 1.000000
vn 0.000000 0.000000 1.000000
vn 0.000000 0.000000 1.000000
vn 0.000000 0.000000 1.000000
vn 0.000000 -0.403319 0.915060
vn 0.000000 -0.403319 0.915060
vn 0.000000 -0.403319 0.915060
vn 0.000000 0.403402 -0.915023
vn 0.000000 0.403402 -0.915023
vn 0.000000 0.403402 -0.915023
vn 0.000000 0.403319 0.915060
vn 0.000000 0.403319 0.915060
vn 0.000000 0.403319 0.915060
vn 0.000000 0.403319 0.915060
vn 0.000000 0.403319 0.915060
vn 0.000000 0.403319 0.915060
vn 0.000000 0.000000 1.000000
vn 0.000000 0.000000 1.000000
vn 0.000000 0.000000 1.000000
vn 0.000000 0.000000 1.000000
vn 0.000000 0.000000 1.000000
vn 0.000000 0.000000 1.000000
vn 0.000000 -0.403319 0.915060
vn 0.000000 -0.403319 0.915060
vn 0.000000 -0.403319 0.915060
vn 0.000000 -0.403319 0.915060
vn 0.000000 -0.403319 0.915060
vn 0.000000 -0.403319 0.915060
vn 0.000000 -0.403402 -0.915023
vn 0.000000 -0.403402 -0.915023
vn 0.000000 -0.403402 -0.915023
vn 0.000000 0.403402 -0.915023
vn 0.000000 0.403402 -0.915023
vn 0.000000 0.403402 -0.915023
vn -0.000000 0.000000 -1.000000
vn -0.000000 0.000000 -1.000000
vn -0.000000 0.000000 -1.000000
vn -0.000000 0.000000 -1.000000
vn -0.000000 0.000000 -1.000000
vn -0.000000 0.000000 -1.000000
vn 0.000000 -0.403402 -0.915023
vn 0.000000 -0.403402 -0.915023
vn 0.000000 -0.403402 -0.915023
vn 0.000000 -0.403402 -0.915023
vn 0.000000 -0.403402 -0.915023
vn 0.000000 -0.403402 -0.915023
vn 0.000000 -0.403319 0.915060
vn 0.000000 -0.403319 0.915060
vn 0.000000 -0.403319 0.915060
vn 0.000000 -0.403319 0.915060
vn 0.000000 -0.403319 0.915060
vn 0.000000 -0.403319 0.915060
vn 0.000000 0.000000 1.000000
vn 0.000000 0.000000 1.000000
vn 0.000000 0.000000 1.000000
vn 0.000000 0.403402 -0.915023
vn 0.000000 0.403402 -0.915023
vn 0.000000 0.403402 -0.915023
vn -0.000000 0.000000 -1.000000
vn -0.000000 0.000000 -1.000000
vn -0.000000 0.000000 -1.000000
vn -0.000000 0.000000 -1.000000
vn -0.000000 0.000000 -1.000000
vn -0.000000 0.000000 -1.000000
vn 0.000000 -0.403402 -0.915023
vn 0.000000 -0.403402 -0.915023
vn 0.000000 -0.403402 -0.915023
vn 0.000000 -0.403402 -0.915023
vn 0.000000 -0.403402 -0.915023
vn 0.000000 -0.403402 -0.915023
vn 0.000000 -0.403319 0.915060
vn 0.000000 -0.403319 0.915060
vn 0.000000 -0.403319 0.915060
vn 0.000000 0.403402 -0.915023
vn 0.000000 0.403402 -0.915023
vn 0.000000 0.403402 -0.915023
vn 0.000000 0.403319 0.915060
vn 0.000000 0.403319 0.915060
vn 0.000000 0.403319 0.915060
vn 0.000000 0.403402 -0.915023
vn 0.000000 0.403402 -0.915023
vn 0.000000 0.403402 -0.915023
vn -0.000000 0.000000 -1.000000
vn -0.000000 0.000000 -1.000000
vn -0.000000 0.000000 -1.000000
vn -0.000000 0.000000 -1.000000
vn -0.000000 0.000000 -1.000000
vn -0.000000 0.000000 -1.000000
vn 0.000000 -0.403402 -0.915023
vn 0.000000 -0.403402 -0.915023
vn 0.000000 -0.403402 -0.915023
vn 0.000000 0.403402 -0.915023
vn 0.000000 0.403402 -0.915023
vn 0.000000 0.403402 -0.915023
vn 0.000000 0.403319 0.915060
vn 0.000000 0.403319 0.915060
vn 0.000000 0.403319 0.915060
vn 0.000000 0.403319 0.915060
vn 0.000000 0.403319 0.915060
vn 0.000000 0.403319 0.915060
vn 0.000000 0.000000 1.000000
vn 0.000000 0.000000 1.000000
vn 0.000000 0.000000 1.000000
vn 0.000000 0.403402 -0.915023
vn 0.000000 0.403402 -0.915023
vn 0.000000 0.403402 -0.915023
vn -0.000000 0.000000 -1.000000
vn -0.000000 0.000000 -1.000000
vn -0.000000 0.000000 -1.000000
vn 0.000000 0.403402 -0.915023
vn 0.000000 0.403402 -0.915023
vn 0.000000 0.403402 -0.915023
vn 0.000000 0.403319 0.915060
vn 0.000000 0.403319 0.915060
vn 0.000000 0.403319 0.915060
vn 0.000000 0.403319 0.915060
vn 0.000000 0.403319 0.915060
vn 0.000000 0.403319 0.915060
vn 0.000000 0.000000 1.000000
vn 0.000000 0.000000 1.000000
vn 0.000000 0.000000 1.000000
vn 0.000000 0.000000 1.000000
vn 0.000000 0.000000 1.000000
vn 0.000000 0.000000 1.000000
vn 0.000000 -0.403319 0.915060
vn 0.000000 -0.403319 0.915060
vn 0.000000 -0.403319 0.915060
vn 0.000000 0.403402 -0.915023
vn 0.000000 0.403402 -0.915023
vn 0.000000 0.403402 -0.915023
vn 0.000000 0.403319 0.915060
vn 0.000000 0.403319 0.915060
vn 0.000000 0.403319 0.915060
vn 0.000000 0.403319 0.915060
vn 0.000000 0.403319 0.915060
vn 0.000000 0.403319 0.915060
vn 0.000000 0.000000 1.000000
vn 0.000000 0.000000 1.000000
vn 0.000000 0.000000 1.000000
vn 0.000000 0.000000 1.000000
vn 0.000000 0.000000 1.000000
vn 0.000000 0.000000 1.000000
vn 0.000000 -0.403319 0.915060
vn 0.000000 -0.403319 0.915060
vn 0.000000 -0.403319 0.915060
vn 0.000000 -0.403319 0.915060
vn 0.000000 -0.403319 0.915060
vn 0.000000 -0.403319 0.915060
vn 0.000000 -0.403402 -0.915023
vn 0.000000 -0.403402 -0.915023
vn 0.000000 -0.403402 -0.915023
vn 0.000000 0.403402 -0.915023
vn 0.000000 0.403402 -0.915023
vn 0.000000 0.403402 -0.915023
vn -0.000000 0.000000 -1.000000
vn -0.000000 0.000000 -1.000000
vn -0.000000 0.000000 -1.000000
vn -0.000000 0.000000 -1.000000
vn -0.000000 0.000000 -1.000000
vn -0.000000 0.000000 -1.000000
vn 0.000000 -0.403402 -0.915023
vn 0.000000 -0.403402 -0.915023
vn 0.000000 -0.403402 -0.915023
vn 0.000000 -0.403402 -0.915023
vn 0.000000 -0.403402 -0.915023
vn 0.000000 -0.403402 -0.915023
vn 0.000000 -0.403319 0.915060
vn 0.000000 -0.403319 0.915060
vn 0.000000 -0.403319 0.915060
vn 0.000000 -0.403319 0.915060
vn 0.000000 -0.403319 0.915060
vn 0.000000 -0.403319 0.915060
vn 0.000000 0.000000 1.000000
vn 0.000000 0.000000 1.000000
vn 0.000000 0.000000 1.000000
vn 0.000000 0.403402 -0.915023
vn 0.000000 0.403402 -0.915023
vn 0.000000 0.403402 -0.915023
vn -0.000000 0.000000 -1.000000
vn -0.000000 0.000000 -1.000000
vn -0.000000 0.000000 -1.000000
vn -0.000000 0.000000 -1.000000
vn -0.000000 0.000000 -1.000000
vn -0.000000 0.000000 -1.000000
vn 0.000000 -0.403402 -0.915023
vn 0.000000 -0.403402 -0.915023
vn 0.000000 -0.403402 -0.915023
vn 0.000000 -0.403402 -0.915023
vn 0.000000 -0.403402 -0.915023
vn 0.000000 -0.403402 -0.915023
vn 0.000000 -0.403319 0.915060
vn 0.000000 -0.403319 0.915060
vn 0.000000 -0.403319 0.915060
vn 0.000000 0.403402 -0.915023
vn 0.000000 0.403402 -0.915023
vn 0.000000 0.403402 -0.915023
vn 0.000000 0.403319 0.915060
vn 0.000000 0.403319 0.915060
vn 0.000000 0.403319 0.915060
vn 0.000000 0.403402 -0.915023
vn 0.000000 0.403402 -0.915023
vn 0.000000 0.403402 -0.915023
vn -0.000000 0.000000 -1.000000
vn -0.000000 0.000000 -1.000000
vn -0.000000 0.000000 -1.000000
vn -0.000000 0.000000 -1.000000
vn -0.000000 0.000000 -1.000000
vn -0.000000 0.000000 -1.000000
vn 0.000000 -0.403402 -0.915023
vn 0.000000 -0.403402 -0.915023
vn 0.000000 -0.403402 -0.915023
vn 0.000000 0.403402 -0.915023
vn 0.000000 0.403402 -0.915023
vn 0.000000 0.403402 -0.915023
vn 0.000000 0.403319 0.915060
vn 0.000000 0.403319 0.915060
vn 0.000000 0.403319 0.915060
vn 0.000000 0.403319 0.915060
vn 0.000000 0.403319 0.915060
vn 0.000000 0.403319 0.915060
vn 0.000000 0.000000 1.000000
vn 0.000000 0.000000 1.000000
vn 0.000000 0.000000 1.000000
vn 0.000000 0.403402 -0.915023
vn 0.000000 0.403402 -0.915023
vn 0.000000 0.403402 -0.915023
vn -0.000000 0.000000 -1.000000
vn -0.000000 0.000000 -1.000000
vn -0.000000 0.000000 -1.000000
vn 0.000000 0.403402 -0.915023
vn 0.000000 0.403402 -0.915023
vn 0.000000 0.403402 -0.915023
vn 0.000000 0.403319 0.915060
vn 0.000000 0.403319 0.915060
vn 0.000000 0.403319 0.915060
vn 0.000000 0.403319 0.915060
vn 0.000000 0.403319 0.915060
vn 0.000000 0.403319 0.915060
vn 0.000000 0.000000 1.000000
vn 0.000000 0.000000 1.000000
vn 0.000000 0.000000 1.000000
vn 0.000000 0.000000 1.000000
vn 0.000000 0.000000 1.000000
vn 0.000000 0.000000 1.000000
vn 0.000000 0.403402 -0.915023
vn 0.000000 0.403402 -0.915023
vn 0.000000 0.403402 -0.915023
vn 0.000000 0.403319 0.915060
vn 0.000000 0.403319 0.915060
vn 0.000000 0.403319 0.915060
vn 0.000000 0.403319 0.915060
vn 0.000000 0.403319 0.915060
vn 0.000000 0.403319 0.915060
vn 0.000000 0.000000 1.000000
vn 0.000000 0.000000 1.000000
vn 0.000000 0.000000 1.000000
vn 0.000000 0.000000 1.000000
vn 0.000000 0.000000 1.000000
vn 0.000000 0.000000 1.000000
vn 0.000000 0.403402 -0.915023
vn 0.000000 0.403402 -0.915023
vn 0.000000 0.403402 -0.915023
vn -0.000000 0.000000 -1.000000
vn -0.000000 0.000000 -1.000000
vn -0.000000 0.000000 -1.000000
vn -0.000000 0.000000 -1.000000
vn -0.000000 0.000000 -1.000000
vn -0.000000 0.000000 -1.000000
vn 0.000000 -0.318099 -0.948057
vn 0.000000 -0.318099 -0.948057
vn 0.000000 -0.318099 -0.948057
vn 0.052988 -0.104637 -0.993098
vn 0.052988 -0.104637 -0.993098
vn 0.052988 -0.104637 -0.993098
vn 0.000000 0.403402 -0.915023
vn 0.000000 0.403402 -0.915023
vn 0.000000 0.403402 -0.915023
vn -0.000000 0.000000 -1.000000
vn -0.000000 0.000000 -1.000000
vn -0.000000 0.000000 -1.000000
vn -0.000000 0.000000 -1.000000
vn -0.000000 0.000000 -1.000000
vn -0.000000 0.000000 -1.000000
vn -0.000000 0.000000 -1.000000
vn -0.000000 0.000000 -1.000000
vn -0.000000 0.000000 -1.000000
vn -0.000000 0.000000 -1.000000
vn -0.000000 0.000000 -1.000000
vn -0.000000 0.000000 -1.000000
vn 0.000000 -0.318052 -0.948073
vn 0.000000 -0.318052 -0.948073
vn 0.000000 -0.318052 -0.948073
vn 0.000000 0.403402 -0.915023
vn 0.000000 0.403402 -0.915023
vn 0.000000 0.403402 -0.915023
vn 0.000000 0.403319 0.915060
vn 0.000000 0.403319 0.915060
vn 0.000000 0.403319 0.915060
vn 0.000000 0.403402 -0.915023
vn 0.000000 0.403402 -0.915023
vn 0.000000 0.403402 -0.915023
vn -0.000000 0.000000 -1.000000
vn -0.000000 0.000000 -1.000000
vn -0.000000 0.000000 -1.000000
vn -0.000000 0.000000 -1.000000
vn -0.000000 0.000000 -1.000000
vn -0.000000 0.000000 -1.000000
vn -0.000000 0.000000 -1.000000
vn -0.000000 0.000000 -1.000000
vn -0.000000 0.000000 -1.000000
vn -0.000000 0.000000 -1.000000
vn -0.000000 0.000000 -1.000000
vn -0.000000 0.000000 -1.000000
vn 0.000000 0.403402 -0.915023
vn 0.000000 0.403402 -0.915023
vn 0.000000 0.403402 -0.915023
vn 0.000000 0.403319 0.915060
vn 0.000000 0.403319 0.915060
vn 0.000000 0.403319 0.915060
vn 0.000000 0.403319 0.915060
vn 0.000000 0.403319 0.915060
vn 0.000000 0.403319 0.915060
vn 0.000000 0.000000 1.000000
vn 0.000000 0.000000 1.000000
vn 0.000000 0.000000 1.000000
vn -0.095964 0.401540 -0.910800
vn -0.095964 0.401540 -0.910800
vn -0.095964 0.401540 -0.910800
vn -0.104212 0.104213 -0.989080
vn -0.104212 0.104213 -0.989080
vn -0.104212 0.104213 -0.989080
vn -0.104182 0.104183 0.989086
vn -0.104182 0.104183 0.989086
vn -0.104182 0.104183 0.989086
vn 0.000000 0.104753 0.994498
vn 0.000000 0.104753 0.994498
vn 0.000000 0.104753 0.994498
vn 0.000000 0.000000 1.000000
vn 0.000000 0.000000 1.000000
vn 0.000000 0.000000 1.000000
vn 0.000000 0.000000 1.000000
vn 0.000000 0.000000 1.000000
vn 0.000000 0.000000 1.000000
vn 0.000000 0.000000 1.000000
vn 0.000000 0.000000 1.000000
vn 0.000000 0.000000 1.000000
vn 0.000000 0.000000 1.000000
vn 0.000000 0.000000 1.000000
vn 0.000000 0.000000 1.000000
vn 0.374101 0.374110 -0.848581
vn 0.374101 0.374110 -0.848581
vn 0.374101 0.374110 -0.848581
vn 0.000000 0.403402 -0.915023
vn 0.000000 0.403402 -0.915023
vn 0.000000 0.403402 -0.915023
vn 0.000000 0.403319 0.915060
vn 0.000000 0.403319 0.915060
vn 0.000000 0.403319 0.915060
vn 0.000000 0.403319 0.915060
vn 0.000000 0.403319 0.915060
vn 0.000000 0.403319 0.915060
vn 0.000000 0.000000 1.000000
vn 0.000000 0.000000 1.000000
vn 0.000000 0.000000 1.000000
vn 0.000000 0.000000 1.000000
vn 0.000000 0.000000 1.000000
vn 0.000000 0.000000 1.000000
vn 0.000000 -0.403319 0.915060
vn 0.000000 -0.403319 0.915060
vn 0.000000 -0.403319 0.915060
vn 0.000000 -0.403319 0.915060
vn 0.000000 -0.403319 0.915060
vn 0.000000 -0.403319 0.915060
vn 0.000000 -0.403402 -0.915023
vn 0.000000 -0.403402 -0.915023
vn 0.000000 -0.403402 -0.915023
vn -0.095964 -0.401540 -0.910800
vn -0.095964 -0.401540 -0.910800
vn -0.095964 -0.401540 -0.910800
vn -0.104211 -0.104213 -0.989080
vn -0.104211 -0.104213 -0.989080
vn -0.104211 -0.104213 -0.989080
vn -0.104213 -0.104213 -0.989080
vn -0.104213 -0.104213 -0.989080
vn -0.104213 -0.104213 -0.989080
vn 0.000000 -0.104784 -0.994495
vn 0.000000 -0.104784 -0.994495
vn 0.000000 -0.104784 -0.994495
vn -0.159036 -0.314051 -0.935991
vn -0.159036 -0.314051 -0.935991
vn -0.159036 -0.314051 -0.935991
vn 0.000000 0.403402 -0.915023
vn 0.000000 0.403402 -0.915023
vn 0.000000 0.403402 -0.915023
vn -0.000000 0.000000 -1.000000
vn -0.000000 0.000000 -1.000000
vn -0.000000 0.000000 -1.000000
vn -0.000000 0.000000 -1.000000
vn -0.000000 0.000000 -1.000000
vn -0.000000 0.000000 -1.000000
vn 0.000000 -0.403402 -0.915023
vn 0.000000 -0.403402 -0.915023
vn 0.000000 -0.403402 -0.915023
vn 0.000000 -0.403402 -0.915023
vn 0.000000 -0.403402 -0.915023
vn 0.000000 -0.403402 -0.915023
vn 0.000000 -0.403319 0.915060
vn 0.000000 -0.403319 0.915060
vn 0.000000 -0.403319 0.915060
vn 0.000000 -0.403319 0.915060
vn 0.000000 -0.403319 0.915060
vn 0.000000 -0.403319 0.915060
vn 0.000000 0.000000 1.000000
vn 0.000000 0.000000 1.000000
vn 0.000000 0.000000 1.000000
vn 0.000000 0.403402 -0.915023
vn 0.000000 0.403402 -0.915023
vn 0.000000 0.403402 -0.915023
vn -0.000000 0.000000 -1.000000
vn -0.000000 0.000000 -1.000000
vn -0.000000 0.000000 -1.000000
vn -0.000000 0.000000 -1.000000
vn -0.000000 0.000000 -1.000000
vn -0.000000 0.000000 -1.000000
vn 0.000000 -0.403402 -0.915023
vn 0.000000 -0.403402 -0.915023
vn 0.000000 -0.403402 -0.915023
vn 0.000000 -0.403402 -0.915023
vn 0.000000 -0.403402 -0.915023
vn 0.000000 -0.403402 -0.915023
vn 0.000000 -0.403319 0.915060
vn 0.000000 -0.403319 0.915060
vn 0.000000 -0.403319 0.915060
vn 0.000000 0.403402 -0.915023
vn 0.000000 0.403402 -0.915023
vn 0.000000 0.403402 -0.915023
vn 0.000000 0.403319 0.915060
vn 0.000000 0.403319 0.915060
vn 0.000000 0.403319 0.915060
vn 0.000000 0.318052 -0.948073
vn 0.000000 0.318052 -0.948073
vn 0.000000 0.318052 -0.948073
vn -0.000000 0.000000 -1.000000
vn -0.000000 0.000000 -1.000000
vn -0.000000 0.000000 -1.000000
vn -0.000000 0.000000 -1.000000
vn -0.000000 0.000000 -1.000000
vn -0.000000 0.000000 -1.000000
vn 0.000000 -0.403402 -0.915023
vn 0.000000 -0.403402 -0.915023
vn 0.000000 -0.403402 -0.915023
vn 0.022354 0.403301 -0.914794
vn 0.022354 0.403301 -0.914794
vn 0.022354 0.403301 -0.914794
vn 0.017622 0.317933 0.947949
vn 0.017622 0.317933 0.947949
vn 0.017622 0.317933 0.947949
vn 0.000000 0.403319 0.915060
vn 0.000000 0.403319 0.915060
vn 0.000000 0.403319 0.915060
vn 0.000000 0.000000 1.000000
vn 0.000000 0.000000 1.000000
vn 0.000000 0.000000 1.000000
vn 0.000000 0.104778 -0.994496
vn 0.000000 0.104778 -0.994496
vn 0.000000 0.104778 -0.994496
vn -0.000000 0.000000 -1.000000
vn -0.000000 0.000000 -1.000000
vn -0.000000 0.000000 -1.000000
vn -0.000000 0.000000 -1.000000
vn -0.000000 0.000000 -1.000000
vn -0.000000 0.000000 -1.000000
vn 0.159013 0.314005 -0.936011
vn 0.159013 0.314005 -0.936011
vn 0.159013 0.314005 -0.936011
vn 0.052972 0.104606 0.993102
vn 0.052972 0.104606 0.993102
vn 0.052972 0.104606 0.993102
vn 0.000000 0.317982 0.948097
vn 0.000000 0.317982 0.948097
vn 0.000000 0.317982 0.948097
vn 0.000000 0.000000 1.000000
vn 0.000000 0.000000 1.000000
vn 0.000000 0.000000 1.000000
vn 0.000000 0.000000 1.000000
vn 0.000000 0.000000 1.000000
vn 0.000000 0.000000 1.000000
vn 0.000000 -0.403319 0.915060
vn 0.000000 -0.403319 0.915060
vn 0.000000 -0.403319 0.915060
vn 0.104207 0.104208 -0.989081
vn 0.104207 0.104208 -0.989081
vn 0.104207 0.104208 -0.989081
vn 0.104186 0.104187 0.989086
vn 0.104186 0.104187 0.989086
vn 0.104186 0.104187 0.989086
vn 0.104185 0.104183 0.989086
vn 0.104185 0.104183 0.989086
vn 0.104185 0.104183 0.989086
vn 0.000000 0.000000 1.000000
vn 0.000000 0.000000 1.000000
vn 0.000000 0.000000 1.000000
vn 0.000000 0.000000 1.000000
vn 0.000000 0.000000 1.000000
vn 0.000000 0.000000 1.000000
vn -0.104187 -0.104188 0.989085
vn -0.104187 -0.104188 0.989085
vn -0.104187 -0.104188 0.989085
vn -0.104186 -0.104187 0.989086
vn -0.104186 -0.104187 0.989086
vn -0.104186 -0.104187 0.989086
vn 0.104211 0.104209 -0.989081
vn 0.104211 0.104209 -0.989081
vn 0.104211 0.104209 -0.989081
vn -0.000000 0.000000 -1.000000
vn -0.000000 0.000000 -1.000000
vn -0.000000 0.000000 -1.000000
vn -0.000000 0.000000 -1.000000
vn -0.000000 0.000000 -1.000000
vn -0.000000 0.000000 -1.000000
vn -0.000000 0.000000 -1.000000
vn -0.000000 0.000000 -1.000000
vn -0.000000 0.000000 -1.000000
vn 0.000000 -0.403402 -0.915023
vn 0.000000 -0.403402 -0.915023
vn 0.000000 -0.403402 -0.915023
vn 0.000000 -0.403402 -0.915023
vn 0.000000 -0.403402 -0.915023
vn 0.000000 -0.403402 -0.915023
vn 0.000000 -0.403319 0.915060
vn 0.000000 -0.403319 0.915060
vn 0.000000 -0.403319 0.915060
vn 0.000000 -0.403319 0.915060
vn 0.000000 -0.403319 0.915060
vn 0.000000 -0.403319 0.915060
vn 0.000000 0.000000 1.000000
vn 0.000000 0.000000 1.000000
vn 0.000000 0.000000 1.000000
vn 0.000000 0.000000 1.000000
vn 0.000000 0.000000 1.000000
vn 0.000000 0.000000 1.000000
vn 0.000000 0.403319 0.915060
vn 0.000000 0.403319 0.915060
vn 0.000000 0.403319 0.915060
vn -0.000000 0.000000 -1.000000
vn -0.000000 0.000000 -1.000000
vn -0.000000 0.000000 -1.000000
vn 0.000000 -0.403402 -0.915023
vn 0.000000 -0.403402 -0.915023
vn 0.000000 -0.403402 -0.915023
vn 0.000000 -0.403402 -0.915023
vn 0.000000 -0.403402 -0.915023
vn 0.000000 -0.403402 -0.915023
vn 0.000000 -0.403319 0.915060
vn 0.000000 -0.403319 0.915060
vn 0.000000 -0.403319 0.915060
vn 0.000000 -0.403319 0.915060
vn 0.000000 -0.403319 0.915060
vn 0.000000 -0.403319 0.915060
vn 0.000000 0.000000 1.000000
vn 0.000000 0.000000 1.000000
vn 0.000000 0.000000 1.000000
vn 0.000000 0.000000 1.000000
vn 0.000000 0.000000 1.000000
vn 0.000000 0.000000 1.000000
vn 0.000000 0.403319 0.915060
vn 0.000000 0.403319 0.915060
vn 0.000000 0.403319 0.915060
vn -0.000000 0.000000 -1.000000
vn -0.000000 0.000000 -1.000000
vn -0.000000 0.000000 -1.000000
vn 0.000000 -0.403402 -0.915023
vn 0.000000 -0.403402 -0.915023
vn 0.000000 -0.403402 -0.915023
vn 0.017617 -0.318050 -0.947910
vn 0.017617 -0.318050 -0.947910
vn 0.017617 -0.318050 -0.947910
vn -0.104210 0.104208 -0.989081
vn -0.104210 0.104208 -0.989081
vn -0.104210 0.104208 -0.989081
vn -0.052985 0.104631 -0.993099
vn -0.052985 0.104631 -0.993099
vn -0.052985 0.104631 -0.993099
vn -0.158979 0.313938 0.936039
vn -0.158979 0.313938 0.936039
vn -0.158979 0.313938 0.936039
vn -0.099374 0.316408 0.943404
vn -0.099374 0.316408 0.943404
vn -0.099374 0.316408 0.943404
vn -0.104186 0.104188 0.989085
vn -0.104186 0.104188 0.989085
vn -0.104186 0.104188 0.989085
vn -0.104187 0.104188 0.989085
vn -0.104187 0.104188 0.989085
vn -0.104187 0.104188 0.989085
vn 0.000000 0.104758 0.994498
vn 0.000000 0.104758 0.994498
vn 0.000000 0.104758 0.994498
vn -0.159002 0.313983 0.936020
vn -0.159002 0.313983 0.936020
vn -0.159002 0.313983 0.936020
vn 0.000000 0.318052 -0.948073
vn 0.000000 0.318052 -0.948073
vn 0.000000 0.318052 -0.948073
vn -0.000000 0.000000 -1.000000
vn -0.000000 0.000000 -1.000000
vn -0.000000 0.000000 -1.000000
vn -0.000000 0.000000 -1.000000
vn -0.000000 0.000000 -1.000000
vn -0.000000 0.000000 -1.000000
vn -0.099396 0.316477 -0.943378
vn -0.099396 0.316477 -0.943378
vn -0.099396 0.316477 -0.943378
vn -0.104211 0.104212 -0.989080
vn -0.104211 0.104212 -0.989080
vn -0.104211 0.104212 -0.989080
vn 0.401532 -0.095966 -0.910803
vn 0.401532 -0.095966 -0.910803
vn 0.401532 -0.095966 -0.910803
vn 0.401451 -0.095946 0.910841
vn 0.401451 -0.095946 0.910841
vn 0.401451 -0.095946 0.910841
vn 0.104187 -0.104188 0.989085
vn 0.104187 -0.104188 0.989085
vn 0.104187 -0.104188 0.989085
vn 0.104186 -0.104188 0.989085
vn 0.104186 -0.104188 0.989085
vn 0.104186 -0.104188 0.989085
vn 0.095944 -0.401458 0.910838
vn 0.095944 -0.401458 0.910838
vn 0.095944 -0.401458 0.910838
vn 0.104211 -0.104213 -0.989080
vn 0.104211 -0.104213 -0.989080
vn 0.104211 -0.104213 -0.989080
vn 0.095964 -0.401540 -0.910800
vn 0.095964 -0.401540 -0.910800
vn 0.095964 -0.401540 -0.910800
vn 0.104212 -0.104213 -0.989080
vn 0.104212 -0.104213 -0.989080
vn 0.104212 -0.104213 -0.989080
vn 0.000000 -0.403402 -0.915023
vn 0.000000 -0.403402 -0.915023
vn 0.000000 -0.403402 -0.915023
vn 0.104211 -0.104213 -0.989080
vn 0.104211 -0.104213 -0.989080
vn 0.104211 -0.104213 -0.989080
vn 0.099396 -0.316477 -0.943378
vn 0.099396 -0.316477 -0.943378
vn 0.099396 -0.316477 -0.943378
vn 0.104211 -0.104213 -0.989080
vn 0.104211 -0.104213 -0.989080
vn 0.104211 -0.104213 -0.989080
vn -0.104211 0.104212 -0.989080
vn -0.104211 0.104212 -0.989080
vn -0.104211 0.104212 -0.989080
vn -0.052988 0.104637 -0.993098
vn -0.052988 0.104637 -0.993098
vn -0.052988 0.104637 -0.993098
vn -0.104207 -0.104208 -0.989081
vn -0.104207 -0.104208 -0.989081
vn -0.104207 -0.104208 -0.989081
vn -0.104211 -0.104208 -0.989081
vn -0.104211 -0.104208 -0.989081
vn -0.104211 -0.104208 -0.989081
vn -0.104212 -0.104209 -0.989081
vn -0.104212 -0.104209 -0.989081
vn -0.104212 -0.104209 -0.989081
vn 0.095944 0.401458 0.910838
vn 0.095944 0.401458 0.910838
vn 0.095944 0.401458 0.910838
vn 0.000000 0.403319 0.915060
vn 0.000000 0.403319 0.915060
vn 0.000000 0.403319 0.915060
vn 0.000000 0.000000 1.000000
vn 0.000000 0.000000 1.000000
vn 0.000000 0.000000 1.000000
vn 0.000000 0.403319 0.915060
vn 0.000000 0.403319 0.915060
vn 0.000000 0.403319 0.915060
vn 0.000000 0.000000 1.000000
vn 0.000000 0.000000 1.000000
vn 0.000000 0.000000 1.000000
vn 0.000000 0.000000 1.000000
vn 0.000000 0.000000 1.000000
vn 0.000000 0.000000 1.000000
vn -0.095944 0.401458 0.910838
vn -0.095944 0.401458 0.910838
vn -0.095944 0.401458 0.910838
vn -0.104187 0.104184 0.989086
vn -0.104187 0.104184 0.989086
vn -0.104187 0.104184 0.989086
vn 0.000000 0.000000 1.000000
vn 0.000000 0.000000 1.000000
vn 0.000000 0.000000 1.000000
vn 0.000000 0.000000 1.000000
vn 0.000000 0.000000 1.000000
vn 0.000000 0.000000 1.000000
vn 0.374035 0.374044 0.848639
vn 0.374035 0.374044 0.848639
vn 0.374035 0.374044 0.848639
vn 0.000000 0.403319 0.915060
vn 0.000000 0.403319 0.915060
vn 0.000000 0.403319 0.915060
vn 0.000000 0.000000 1.000000
vn 0.000000 0.000000 1.000000
vn 0.000000 0.000000 1.000000
vn 0.000000 0.000000 1.000000
vn 0.000000 0.000000 1.000000
vn 0.000000 0.000000 1.000000
vn 0.000000 -0.318029 0.948081
vn 0.000000 -0.318029 0.948081
vn 0.000000 -0.318029 0.948081
vn -0.052975 -0.104611 0.993101
vn -0.052975 -0.104611 0.993101
vn -0.052975 -0.104611 0.993101
vn 0.000000 0.000000 1.000000
vn 0.000000 0.000000 1.000000
vn 0.000000 0.000000 1.000000
vn 0.000000 0.000000 1.000000
vn 0.000000 0.000000 1.000000
vn 0.000000 0.000000 1.000000
vn 0.000000 0.000000 1.000000
vn 0.000000 0.000000 1.000000
vn 0.000000 0.000000 1.000000
vn 0.104187 -0.104184 0.989086
vn 0.104187 -0.104184 0.989086
vn 0.104187 -0.104184 0.989086
vn 0.095944 -0.401458 0.910838
vn 0.095944 -0.401458 0.910838
vn 0.095944 -0.401458 0.910838
vn -0.095944 -0.401458 0.910838
vn -0.095944 -0.401458 0.910838
vn -0.095944 -0.401458 0.910838
vn 0.000000 0.000000 1.000000
vn 0.000000 0.000000 1.000000
vn 0.000000 0.000000 1.000000
vn 0.000000 -0.403319 0.915060
vn 0.000000 -0.403319 0.915060
vn 0.000000 -0.403319 0.915060
vn 0.000000 -0.403319 0.915060
vn 0.000000 -0.403319 0.915060
vn 0.000000 -0.403319 0.915060
s off
g polySurface1 _Users_User_Desktop_TeethProject_teeth_slice_P3_3_3_3stl_3_3_slice0_stl
usemtl initialShadingGroup
f 148//1 144//2 146//3
f 146//4 144//5 140//6
f 146//7 140//8 139//9
f 139//10 140//11 133//12
f 139//13 133//14 131//15
f 131//16 133//17 125//18
f 131//19 125//20 123//21
f 123//22 125//23 117//24
f 123//25 117//26 118//27
f 118//28 117//29 112//30
f 118//31 112//32 120//33
f 120//34 112//35 114//36
f 120//37 114//38 116//39
f 116//40 114//41 110//42
f 116//43 110//44 109//45
f 109//46 110//47 103//48
f 109//49 103//50 101//51
f 101//52 103//53 95//54
f 101//55 95//56 93//57
f 93//58 95//59 87//60
f 93//61 87//62 88//63
f 88//64 87//65 82//66
f 88//67 82//68 90//69
f 90//70 82//71 84//72
f 90//73 84//74 86//75
f 86//76 84//77 80//78
f 86//79 80//80 79//81
f 79//82 80//83 73//84
f 79//85 73//86 71//87
f 71//88 73//89 65//90
f 71//91 65//92 63//93
f 63//94 65//95 57//96
f 63//97 57//98 58//99
f 58//100 57//101 52//102
f 58//103 52//104 60//105
f 60//106 52//107 54//108
f 60//109 54//110 56//111
f 56//112 54//113 50//114
f 56//115 50//116 49//117
f 49//118 50//119 43//120
f 49//121 43//122 41//123
f 41//124 43//125 34//126
f 41//127 34//128 32//129
f 32//130 34//131 25//132
f 32//133 25//134 23//135
f 23//136 25//137 22//138
f 23//139 22//140 15//141
f 15//142 22//143 14//144
f 15//145 14//146 8//147
f 8//148 14//149 7//150
f 8//151 7//152 6//153
f 6//154 7//155 9//156
f 6//157 9//158 2//159
f 2//160 9//161 4//162
f 2//163 4//164 1//165
f 1//166 4//167 5//168
f 1//169 5//170 3//171
f 3//172 5//173 10//174
f 3//175 10//176 8//177
f 8//178 10//179 17//180
f 8//181 17//182 15//183
f 15//184 17//185 24//186
f 15//187 24//188 23//189
f 23//190 24//191 30//192
f 23//193 30//194 32//195
f 32//196 30//197 38//198
f 32//199 38//200 41//201
f 41//202 38//203 39//204
f 41//205 39//206 47//207
f 47//208 39//209 45//210
f 47//211 45//212 53//213
f 53//214 45//215 51//216
f 53//217 51//218 59//219
f 59//220 51//221 57//222
f 59//223 57//224 65//225
f 140//226 144//227 138//228
f 138//229 144//230 136//231
f 138//232 136//233 130//234
f 130//235 136//236 135//237
f 130//238 135//239 129//240
f 129//241 135//242 137//243
f 129//244 137//245 131//246
f 131//247 137//248 139//249
f 134//250 138//251 132//252
f 132//253 138//254 130//255
f 132//256 130//257 124//258
f 124//259 130//260 129//261
f 124//262 129//263 123//264
f 123//265 129//266 131//267
f 138//268 134//269 140//270
f 140//271 134//272 133//273
f 128//274 132//275 126//276
f 126//277 132//278 124//279
f 126//280 124//281 118//282
f 118//283 124//284 123//285
f 132//286 128//287 134//288
f 134//289 128//290 127//291
f 134//292 127//293 133//294
f 133//295 127//296 125//297
f 122//298 126//299 120//300
f 120//301 126//302 118//303
f 126//304 122//305 128//306
f 128//307 122//308 121//309
f 128//310 121//311 127//312
f 127//313 121//314 119//315
f 127//316 119//317 125//318
f 125//319 119//320 117//321
f 120//322 116//323 122//324
f 122//325 116//326 115//327
f 122//328 115//329 121//330
f 121//331 115//332 113//333
f 121//334 113//335 119//336
f 119//337 113//338 111//339
f 119//340 111//341 117//342
f 117//343 111//344 112//345
f 110//346 114//347 108//348
f 108//349 114//350 106//351
f 108//352 106//353 100//354
f 100//355 106//356 105//357
f 100//358 105//359 99//360
f 99//361 105//362 107//363
f 99//364 107//365 101//366
f 101//367 107//368 109//369
f 104//370 108//371 102//372
f 102//373 108//374 100//375
f 102//376 100//377 94//378
f 94//379 100//380 99//381
f 94//382 99//383 93//384
f 93//385 99//386 101//387
f 108//388 104//389 110//390
f 110//391 104//392 103//393
f 98//394 102//395 96//396
f 96//397 102//398 94//399
f 96//400 94//401 88//402
f 88//403 94//404 93//405
f 102//406 98//407 104//408
f 104//409 98//410 97//411
f 104//412 97//413 103//414
f 103//415 97//416 95//417
f 92//418 96//419 90//420
f 90//421 96//422 88//423
f 96//424 92//425 98//426
f 98//427 92//428 91//429
f 98//430 91//431 97//432
f 97//433 91//434 89//435
f 97//436 89//437 95//438
f 95//439 89//440 87//441
f 90//442 86//443 92//444
f 92//445 86//446 85//447
f 92//448 85//449 91//450
f 91//451 85//452 83//453
f 91//454 83//455 89//456
f 89//457 83//458 81//459
f 89//460 81//461 87//462
f 87//463 81//464 82//465
f 80//466 84//467 78//468
f 78//469 84//470 76//471
f 78//472 76//473 70//474
f 70//475 76//476 75//477
f 70//478 75//479 69//480
f 69//481 75//482 77//483
f 69//484 77//485 71//486
f 71//487 77//488 79//489
f 74//490 78//491 72//492
f 72//493 78//494 70//495
f 72//496 70//497 64//498
f 64//499 70//500 69//501
f 64//502 69//503 63//504
f 63//505 69//506 71//507
f 78//508 74//509 80//510
f 80//511 74//512 73//513
f 68//514 72//515 66//516
f 66//517 72//518 64//519
f 66//520 64//521 58//522
f 58//523 64//524 63//525
f 72//526 68//527 74//528
f 74//529 68//530 67//531
f 74//532 67//533 73//534
f 73//535 67//536 65//537
f 62//538 66//539 60//540
f 60//541 66//542 58//543
f 66//544 62//545 68//546
f 68//547 62//548 61//549
f 68//550 61//551 67//552
f 67//553 61//554 59//555
f 67//556 59//557 65//558
f 60//559 56//560 62//561
f 62//562 56//563 55//564
f 62//565 55//566 61//567
f 61//568 55//569 53//570
f 61//571 53//572 59//573
f 50//574 54//575 48//576
f 48//577 54//578 46//579
f 48//580 46//581 40//582
f 40//583 46//584 45//585
f 40//586 45//587 39//588
f 44//589 48//590 42//591
f 42//592 48//593 40//594
f 42//595 40//596 33//597
f 33//598 40//599 31//600
f 33//601 31//602 24//603
f 24//604 31//605 30//606
f 48//607 44//608 50//609
f 50//610 44//611 43//612
f 37//613 42//614 35//615
f 35//616 42//617 33//618
f 35//619 33//620 26//621
f 26//622 33//623 24//624
f 26//625 24//626 17//627
f 42//628 37//629 44//630
f 44//631 37//632 36//633
f 44//634 36//635 43//636
f 43//637 36//638 34//639
f 37//640 35//641 29//642
f 29//643 35//644 28//645
f 29//646 28//647 27//648
f 27//649 28//650 20//651
f 27//652 20//653 18//654
f 18//655 20//656 11//657
f 18//658 11//659 9//660
f 9//661 11//662 4//663
f 178//664 175//665 177//666
f 177//667 175//668 172//669
f 177//670 172//671 171//672
f 171//673 172//674 165//675
f 171//676 165//677 163//678
f 163//679 165//680 157//681
f 163//682 157//683 155//684
f 155//685 157//686 149//687
f 155//688 149//689 150//690
f 150//691 149//692 147//693
f 150//694 147//695 142//696
f 142//697 147//698 141//699
f 142//700 141//701 136//702
f 136//703 141//704 135//705
f 172//706 175//707 170//708
f 170//709 175//710 168//711
f 170//712 168//713 162//714
f 162//715 168//716 167//717
f 162//718 167//719 161//720
f 161//721 167//722 169//723
f 161//724 169//725 163//726
f 163//727 169//728 171//729
f 166//730 170//731 164//732
f 164//733 170//734 162//735
f 164//736 162//737 156//738
f 156//739 162//740 161//741
f 156//742 161//743 155//744
f 155//745 161//746 163//747
f 170//748 166//749 172//750
f 172//751 166//752 165//753
f 160//754 164//755 158//756
f 158//757 164//758 156//759
f 158//760 156//761 150//762
f 150//763 156//764 155//765
f 164//766 160//767 166//768
f 166//769 160//770 159//771
f 166//772 159//773 165//774
f 165//775 159//776 157//777
f 154//778 158//779 152//780
f 152//781 158//782 150//783
f 152//784 150//785 142//786
f 158//787 154//788 160//789
f 160//790 154//791 153//792
f 160//793 153//794 159//795
f 159//796 153//797 151//798
f 159//799 151//800 157//801
f 157//802 151//803 149//804
f 152//805 148//806 154//807
f 154//808 148//809 145//810
f 154//811 145//812 153//813
f 153//814 145//815 143//816
f 153//817 143//818 151//819
f 151//820 143//821 141//822
f 151//823 141//824 147//825
f 148//826 152//827 144//828
f 144//829 152//830 142//831
f 144//832 142//833 136//834
f 114//835 112//836 106//837
f 106//838 112//839 111//840
f 106//841 111//842 105//843
f 105//844 111//845 113//846
f 105//847 113//848 107//849
f 107//850 113//851 115//852
f 107//853 115//854 109//855
f 109//856 115//857 116//858
f 84//859 82//860 76//861
f 76//862 82//863 81//864
f 76//865 81//866 75//867
f 75//868 81//869 83//870
f 75//871 83//872 77//873
f 77//874 83//875 85//876
f 77//877 85//878 79//879
f 79//880 85//881 86//882
f 54//883 52//884 46//885
f 46//886 52//887 51//888
f 46//889 51//890 45//891
f 35//892 26//893 28//894
f 28//895 26//896 21//897
f 28//898 21//899 20//900
f 20//901 21//902 13//903
f 20//904 13//905 11//906
f 11//907 13//908 12//909
f 11//910 12//911 4//912
f 4//913 12//914 5//915
f 21//916 26//917 19//918
f 19//919 26//920 17//921
f 19//922 17//923 10//924
f 21//925 19//926 13//927
f 13//928 19//929 12//930
f 175//931 178//932 174//933
f 174//934 178//935 176//936
f 174//937 176//938 173//939
f 173//940 176//941 169//942
f 173//943 169//944 167//945
f 174//946 173//947 168//948
f 168//949 173//950 167//951
f 174//952 168//953 175//954
f 51//955 52//956 57//957
f 39//958 38//959 31//960
f 31//961 38//962 30//963
f 39//964 31//965 40//966
f 19//967 10//968 12//969
f 12//970 10//971 5//972
f 6//973 2//974 3//975
f 3//976 2//977 1//978
f 6//979 3//980 8//981
f 148//982 146//983 145//984
f 145//985 146//986 139//987
f 145//988 139//989 137//990
f 56//991 49//992 55//993
f 55//994 49//995 47//996
f 55//997 47//998 53//999
f 37//1000 29//1001 36//1002
f 36//1003 29//1004 27//1005
f 36//1006 27//1007 34//1008
f 34//1009 27//1010 25//1011
f 178//1012 177//1013 176//1014
f 176//1015 177//1016 171//1017
f 176//1018 171//1019 169//1020
f 145//1021 137//1022 143//1023
f 143//1024 137//1025 135//1026
f 143//1027 135//1028 141//1029
f 41//1030 47//1031 49//1032
f 27//1033 18//1034 25//1035
f 25//1036 18//1037 16//1038
f 25//1039 16//1040 22//1041
f 22//1042 16//1043 14//1044
f 147//1045 149//1046 151//1047
f 18//1048 9//1049 16//1050
f 16//1051 9//1052 7//1053
f 16//1054 7//1055 14//1056
