mtllib 2_17_slice0.mtl
g default
v -22.635300 78.400002 50.400002
v -22.635300 78.599998 50.400002
v -22.635300 78.800003 50.400002
v -22.635300 79.000000 50.400002
v -22.600000 78.252296 50.400002
v -22.600000 78.400002 50.384399
v -22.600000 78.400002 50.415600
v -22.600000 78.599998 50.384399
v -22.600000 78.599998 50.415600
v -22.600000 78.800003 50.384399
v -22.600000 78.800003 50.415600
v -22.600000 79.000000 50.384399
v -22.600000 79.000000 50.415600
v -22.600000 79.147598 50.400002
v -22.547600 78.199997 50.400002
v -22.547600 79.199997 50.400002
v -22.446400 78.000000 50.400002
v -22.446400 79.400002 50.400002
v -22.400000 77.852402 50.400002
v -22.400000 78.000000 50.384399
v -22.400000 78.000000 50.415600
v -22.400000 78.199997 50.384399
v -22.400000 78.199997 50.415600
v -22.400000 78.400002 50.384399
v -22.400000 78.400002 50.415600
v -22.400000 78.599998 50.384399
v -22.400000 78.599998 50.415600
v -22.400000 78.800003 50.384399
v -22.400000 78.800003 50.415600
v -22.400000 79.000000 50.384399
v -22.400000 79.000000 50.415600
v -22.400000 79.199997 50.384399
v -22.400000 79.199997 50.415600
v -22.400000 79.400002 50.384399
v -22.400000 79.400002 50.415600
v -22.400000 79.547600 50.400002
v -22.347601 77.800003 50.400002
v -22.347601 79.599998 50.400002
v -22.200001 77.764702 50.400002
v -22.200001 77.800003 50.384399
v -22.200001 77.800003 50.415600
v -22.200001 78.000000 50.384399
v -22.200001 78.000000 50.415600
v -22.200001 78.199997 50.384399
v -22.200001 78.199997 50.415600
v -22.200001 78.400002 50.384399
v -22.200001 78.400002 50.415600
v -22.200001 78.599998 50.384399
v -22.200001 78.599998 50.415600
v -22.200001 78.800003 50.384399
v -22.200001 78.800003 50.415600
v -22.200001 79.000000 50.384399
v -22.200001 79.000000 50.415600
v -22.200001 79.199997 50.384399
v -22.200001 79.199997 50.415600
v -22.200001 79.400002 50.384399
v -22.200001 79.400002 50.415600
v -22.200001 79.599998 50.384399
v -22.200001 79.599998 50.415600
v -22.200001 79.747704 50.400002
v -22.147600 79.800003 50.400002
v -22.052401 77.800003 50.400002
v -22.000000 77.852402 50.400002
v -22.000000 78.000000 50.384399
v -22.000000 78.000000 50.415600
v -22.000000 78.199997 50.384399
v -22.000000 78.199997 50.415600
v -22.000000 78.400002 50.384399
v -22.000000 78.400002 50.415600
v -22.000000 78.599998 50.384399
v -22.000000 78.599998 50.415600
v -22.000000 78.800003 50.384399
v -22.000000 78.800003 50.415600
v -22.000000 79.000000 50.384399
v -22.000000 79.000000 50.415600
v -22.000000 79.199997 50.384399
v -22.000000 79.199997 50.415600
v -22.000000 79.400002 50.384399
v -22.000000 79.400002 50.415600
v -22.000000 79.599998 50.384399
v -22.000000 79.599998 50.415600
v -22.000000 79.800003 50.384399
v -22.000000 79.800003 50.415600
v -22.000000 79.947601 50.400002
v -21.947599 80.000000 50.400002
v -21.799999 77.953598 50.400002
v -21.799999 78.000000 50.384399
v -21.799999 78.000000 50.415600
v -21.799999 78.199997 50.384399
v -21.799999 78.199997 50.415600
v -21.799999 78.400002 50.384399
v -21.799999 78.400002 50.415600
v -21.799999 78.599998 50.384399
v -21.799999 78.599998 50.415600
v -21.799999 78.800003 50.384399
v -21.799999 78.800003 50.415600
v -21.799999 79.000000 50.384399
v -21.799999 79.000000 50.415600
v -21.799999 79.199997 50.384399
v -21.799999 79.199997 50.415600
v -21.799999 79.400002 50.384399
v -21.799999 79.400002 50.415600
v -21.799999 79.599998 50.384399
v -21.799999 79.599998 50.415600
v -21.799999 79.800003 50.384399
v -21.799999 79.800003 50.415600
v -21.799999 80.000000 50.384399
v -21.799999 80.000000 50.415600
v -21.799999 80.147598 50.400002
v -21.747601 80.199997 50.400002
v -21.652399 78.000000 50.400002
v -21.600000 78.052399 50.400002
v -21.600000 78.199997 50.384399
v -21.600000 78.199997 50.415600
v -21.600000 78.400002 50.384399
v -21.600000 78.400002 50.415600
v -21.600000 78.599998 50.384399
v -21.600000 78.599998 50.415600
v -21.600000 78.800003 50.384399
v -21.600000 78.800003 50.415600
v -21.600000 79.000000 50.384399
v -21.600000 79.000000 50.415600
v -21.600000 79.199997 50.384399
v -21.600000 79.199997 50.415600
v -21.600000 79.400002 50.384399
v -21.600000 79.400002 50.415600
v -21.600000 79.599998 50.384399
v -21.600000 79.599998 50.415600
v -21.600000 79.800003 50.384399
v -21.600000 79.800003 50.415600
v -21.600000 80.000000 50.384399
v -21.600000 80.000000 50.415600
v -21.600000 80.199997 50.384399
v -21.600000 80.199997 50.415600
v -21.600000 80.347603 50.400002
v -21.547600 80.400002 50.400002
v -21.452400 78.199997 50.400002
v -21.400000 78.252296 50.400002
v -21.400000 78.400002 50.384399
v -21.400000 78.400002 50.415600
v -21.400000 78.599998 50.384399
v -21.400000 78.599998 50.415600
v -21.400000 78.800003 50.384399
v -21.400000 78.800003 50.415600
v -21.400000 79.000000 50.384399
v -21.400000 79.000000 50.415600
v -21.400000 79.199997 50.384399
v -21.400000 79.199997 50.415600
v -21.400000 79.400002 50.384399
v -21.400000 79.400002 50.415600
v -21.400000 79.599998 50.384399
v -21.400000 79.599998 50.415600
v -21.400000 79.800003 50.384399
v -21.400000 79.800003 50.415600
v -21.400000 80.000000 50.384399
v -21.400000 80.000000 50.415600
v -21.400000 80.199997 50.384399
v -21.400000 80.199997 50.415600
v -21.400000 80.400002 50.384399
v -21.400000 80.400002 50.415600
v -21.400000 80.547600 50.400002
v -21.347601 80.599998 50.400002
v -21.200001 78.353600 50.400002
v -21.200001 78.400002 50.384399
v -21.200001 78.400002 50.415600
v -21.200001 78.599998 50.384399
v -21.200001 78.599998 50.415600
v -21.200001 78.800003 50.384399
v -21.200001 78.800003 50.415600
v -21.200001 79.000000 50.384399
v -21.200001 79.000000 50.415600
v -21.200001 79.199997 50.384399
v -21.200001 79.199997 50.415600
v -21.200001 79.400002 50.384399
v -21.200001 79.400002 50.415600
v -21.200001 79.599998 50.384399
v -21.200001 79.599998 50.415600
v -21.200001 79.800003 50.384399
v -21.200001 79.800003 50.415600
v -21.200001 80.000000 50.384399
v -21.200001 80.000000 50.415600
v -21.200001 80.199997 50.384399
v -21.200001 80.199997 50.415600
v -21.200001 80.400002 50.384399
v -21.200001 80.400002 50.415600
v -21.200001 80.599998 50.384399
v -21.200001 80.599998 50.415600
v -21.200001 80.646400 50.400002
v -21.052401 78.400002 50.400002
v -21.000000 78.452400 50.400002
v -21.000000 78.599998 50.384399
v -21.000000 78.599998 50.415600
v -21.000000 78.800003 50.384399
v -21.000000 78.800003 50.415600
v -21.000000 79.000000 50.384399
v -21.000000 79.000000 50.415600
v -21.000000 79.199997 50.384399
v -21.000000 79.199997 50.415600
v -21.000000 79.400002 50.384399
v -21.000000 79.400002 50.415600
v -21.000000 79.599998 50.384399
v -21.000000 79.599998 50.415600
v -21.000000 79.800003 50.384399
v -21.000000 79.800003 50.415600
v -21.000000 80.000000 50.384399
v -21.000000 80.000000 50.415600
v -21.000000 80.199997 50.384399
v -21.000000 80.199997 50.415600
v -21.000000 80.400002 50.384399
v -21.000000 80.400002 50.415600
v -21.000000 80.599998 50.384399
v -21.000000 80.599998 50.415600
v -21.000000 80.747704 50.400002
v -20.947599 80.800003 50.400002
v -20.852400 78.599998 50.400002
v -20.799999 78.652397 50.400002
v -20.799999 78.800003 50.384399
v -20.799999 78.800003 50.415600
v -20.799999 79.000000 50.384399
v -20.799999 79.000000 50.415600
v -20.799999 79.199997 50.384399
v -20.799999 79.199997 50.415600
v -20.799999 79.400002 50.384399
v -20.799999 79.400002 50.415600
v -20.799999 79.599998 50.384399
v -20.799999 79.599998 50.415600
v -20.799999 79.800003 50.384399
v -20.799999 79.800003 50.415600
v -20.799999 80.000000 50.384399
v -20.799999 80.000000 50.415600
v -20.799999 80.199997 50.384399
v -20.799999 80.199997 50.415600
v -20.799999 80.400002 50.384399
v -20.799999 80.400002 50.415600
v -20.799999 80.599998 50.384399
v -20.799999 80.599998 50.415600
v -20.799999 80.800003 50.384399
v -20.799999 80.800003 50.415600
v -20.799999 80.947601 50.400002
v -20.747601 81.000000 50.400002
v -20.652399 78.800003 50.400002
v -20.600000 78.852402 50.400002
v -20.600000 79.000000 50.384399
v -20.600000 79.000000 50.415600
v -20.600000 79.199997 50.384399
v -20.600000 79.199997 50.415600
v -20.600000 79.400002 50.384399
v -20.600000 79.400002 50.415600
v -20.600000 79.599998 50.384399
v -20.600000 79.599998 50.415600
v -20.600000 79.800003 50.384399
v -20.600000 79.800003 50.415600
v -20.600000 80.000000 50.384399
v -20.600000 80.000000 50.415600
v -20.600000 80.199997 50.384399
v -20.600000 80.199997 50.415600
v -20.600000 80.400002 50.384399
v -20.600000 80.400002 50.415600
v -20.600000 80.599998 50.384399
v -20.600000 80.599998 50.415600
v -20.600000 80.800003 50.384399
v -20.600000 80.800003 50.415600
v -20.600000 81.000000 50.384399
v -20.600000 81.000000 50.415600
v -20.600000 81.035301 50.400002
v -20.452400 79.000000 50.400002
v -20.400000 79.052399 50.400002
v -20.400000 79.199997 50.384399
v -20.400000 79.199997 50.415600
v -20.400000 79.400002 50.384399
v -20.400000 79.400002 50.415600
v -20.400000 79.599998 50.384399
v -20.400000 79.599998 50.415600
v -20.400000 79.800003 50.384399
v -20.400000 79.800003 50.415600
v -20.400000 80.000000 50.384399
v -20.400000 80.000000 50.415600
v -20.400000 80.199997 50.384399
v -20.400000 80.199997 50.415600
v -20.400000 80.400002 50.384399
v -20.400000 80.400002 50.415600
v -20.400000 80.599998 50.384399
v -20.400000 80.599998 50.415600
v -20.400000 80.800003 50.384399
v -20.400000 80.800003 50.415600
v -20.400000 81.000000 50.384399
v -20.400000 81.000000 50.415600
v -20.400000 81.035301 50.400002
v -20.252399 79.199997 50.400002
v -20.200001 79.252296 50.400002
v -20.200001 79.400002 50.384399
v -20.200001 79.400002 50.415600
v -20.200001 79.599998 50.384399
v -20.200001 79.599998 50.415600
v -20.200001 79.800003 50.384399
v -20.200001 79.800003 50.415600
v -20.200001 80.000000 50.384399
v -20.200001 80.000000 50.415600
v -20.200001 80.199997 50.384399
v -20.200001 80.199997 50.415600
v -20.200001 80.400002 50.384399
v -20.200001 80.400002 50.415600
v -20.200001 80.599998 50.384399
v -20.200001 80.599998 50.415600
v -20.200001 80.800003 50.384399
v -20.200001 80.800003 50.415600
v -20.200001 81.000000 50.384399
v -20.200001 81.000000 50.415600
v -20.200001 81.035301 50.400002
v -20.052401 79.400002 50.400002
v -20.052401 81.000000 50.400002
v -20.000000 79.452400 50.400002
v -20.000000 79.599998 50.384399
v -20.000000 79.599998 50.415600
v -20.000000 79.800003 50.384399
v -20.000000 79.800003 50.415600
v -20.000000 80.000000 50.384399
v -20.000000 80.000000 50.415600
v -20.000000 80.199997 50.384399
v -20.000000 80.199997 50.415600
v -20.000000 80.400002 50.384399
v -20.000000 80.400002 50.415600
v -20.000000 80.599998 50.384399
v -20.000000 80.599998 50.415600
v -20.000000 80.800003 50.384399
v -20.000000 80.800003 50.415600
v -20.000000 80.947601 50.400002
v -19.964701 79.599998 50.400002
v -19.964701 79.800003 50.400002
v -19.964701 80.000000 50.400002
v -19.964701 80.199997 50.400002
v -19.964701 80.400002 50.400002
v -19.964701 80.599998 50.400002
v -19.964701 80.800003 50.400002
vn 0.095964 0.401540 -0.910800
vn 0.095964 0.401540 -0.910800
vn 0.095964 0.401540 -0.910800
vn 0.000000 0.403402 -0.915023
vn 0.000000 0.403402 -0.915023
vn 0.000000 0.403402 -0.915023
vn 0.000000 0.403319 0.915060
vn 0.000000 0.403319 0.915060
vn 0.000000 0.403319 0.915060
vn 0.000000 0.403319 0.915060
vn 0.000000 0.403319 0.915060
vn 0.000000 0.403319 0.915060
vn 0.000000 0.000000 1.000000
vn 0.000000 0.000000 1.000000
vn 0.000000 0.000000 1.000000
vn 0.000000 0.000000 1.000000
vn 0.000000 0.000000 1.000000
vn 0.000000 0.000000 1.000000
vn 0.000000 0.000000 1.000000
vn 0.000000 0.000000 1.000000
vn 0.000000 0.000000 1.000000
vn 0.000000 0.000000 1.000000
vn 0.000000 0.000000 1.000000
vn 0.000000 0.000000 1.000000
vn 0.000000 0.403402 -0.915023
vn 0.000000 0.403402 -0.915023
vn 0.000000 0.403402 -0.915023
vn 0.000000 0.000000 -1.000000
vn 0.000000 0.000000 -1.000000
vn 0.000000 0.000000 -1.000000
vn 0.000000 0.000000 -1.000000
vn 0.000000 0.000000 -1.000000
vn 0.000000 0.000000 -1.000000
vn 0.000000 0.000000 -1.000000
vn 0.000000 0.000000 -1.000000
vn 0.000000 0.000000 -1.000000
vn 0.000000 0.000000 -1.000000
vn 0.000000 0.000000 -1.000000
vn 0.000000 0.000000 -1.000000
vn 0.000000 0.403402 -0.915023
vn 0.000000 0.403402 -0.915023
vn 0.000000 0.403402 -0.915023
vn 0.000000 0.000000 -1.000000
vn 0.000000 0.000000 -1.000000
vn 0.000000 0.000000 -1.000000
vn 0.000000 0.000000 -1.000000
vn 0.000000 0.000000 -1.000000
vn 0.000000 0.000000 -1.000000
vn 0.000000 0.000000 -1.000000
vn 0.000000 0.000000 -1.000000
vn 0.000000 0.000000 -1.000000
vn 0.000000 0.000000 -1.000000
vn 0.000000 0.000000 -1.000000
vn 0.000000 0.000000 -1.000000
vn 0.000000 0.403402 -0.915023
vn 0.000000 0.403402 -0.915023
vn 0.000000 0.403402 -0.915023
vn 0.000000 0.403319 0.915060
vn 0.000000 0.403319 0.915060
vn 0.000000 0.403319 0.915060
vn -0.095963 0.401540 -0.910800
vn -0.095963 0.401540 -0.910800
vn -0.095963 0.401540 -0.910800
vn -0.104211 0.104211 -0.989080
vn -0.104211 0.104211 -0.989080
vn -0.104211 0.104211 -0.989080
vn -0.104188 0.104188 0.989085
vn -0.104188 0.104188 0.989085
vn -0.104188 0.104188 0.989085
vn -0.104187 0.104188 0.989085
vn -0.104187 0.104188 0.989085
vn -0.104187 0.104188 0.989085
vn -0.104187 0.104184 0.989086
vn -0.104187 0.104184 0.989086
vn -0.104187 0.104184 0.989086
vn -0.104179 0.104183 0.989087
vn -0.104179 0.104183 0.989087
vn -0.104179 0.104183 0.989087
vn 0.000000 0.104753 0.994498
vn 0.000000 0.104753 0.994498
vn 0.000000 0.104753 0.994498
vn -0.158979 0.313938 0.936039
vn -0.158979 0.313938 0.936039
vn -0.158979 0.313938 0.936039
vn -0.099374 0.316408 0.943404
vn -0.099374 0.316408 0.943404
vn -0.099374 0.316408 0.943404
vn -0.099395 0.316477 -0.943378
vn -0.099395 0.316477 -0.943378
vn -0.099395 0.316477 -0.943378
vn 0.401521 0.095966 -0.910808
vn 0.401521 0.095966 -0.910808
vn 0.401521 0.095966 -0.910808
vn 0.104212 0.104213 -0.989080
vn 0.104212 0.104213 -0.989080
vn 0.104212 0.104213 -0.989080
vn 0.104187 0.104187 0.989086
vn 0.104187 0.104187 0.989086
vn 0.104187 0.104187 0.989086
vn 0.095945 0.401458 0.910838
vn 0.095945 0.401458 0.910838
vn 0.095945 0.401458 0.910838
vn 0.000000 0.403319 0.915060
vn 0.000000 0.403319 0.915060
vn 0.000000 0.403319 0.915060
vn 0.104212 0.104213 -0.989080
vn 0.104212 0.104213 -0.989080
vn 0.104212 0.104213 -0.989080
vn 0.000000 0.000000 -1.000000
vn 0.000000 0.000000 -1.000000
vn 0.000000 0.000000 -1.000000
vn 0.000000 0.000000 -1.000000
vn 0.000000 0.000000 -1.000000
vn 0.000000 0.000000 -1.000000
vn 0.000000 0.000000 -1.000000
vn 0.000000 0.000000 -1.000000
vn 0.000000 0.000000 -1.000000
vn 0.000000 0.000000 -1.000000
vn 0.000000 0.000000 -1.000000
vn 0.000000 0.000000 -1.000000
vn -0.104211 0.104213 -0.989080
vn -0.104211 0.104213 -0.989080
vn -0.104211 0.104213 -0.989080
vn -0.104212 0.104212 -0.989080
vn -0.104212 0.104212 -0.989080
vn -0.104212 0.104212 -0.989080
vn 0.403383 0.000000 -0.915031
vn 0.403383 0.000000 -0.915031
vn 0.403383 0.000000 -0.915031
vn 0.000000 0.000000 -1.000000
vn 0.000000 0.000000 -1.000000
vn 0.000000 0.000000 -1.000000
vn 0.000000 0.000000 -1.000000
vn 0.000000 0.000000 -1.000000
vn 0.000000 0.000000 -1.000000
vn 0.000000 0.000000 -1.000000
vn 0.000000 0.000000 -1.000000
vn 0.000000 0.000000 -1.000000
vn 0.403383 0.000000 -0.915031
vn 0.403383 0.000000 -0.915031
vn 0.403383 0.000000 -0.915031
vn 0.403300 0.000000 0.915068
vn 0.403300 0.000000 0.915068
vn 0.403300 0.000000 0.915068
vn 0.403300 0.000000 0.915068
vn 0.403300 0.000000 0.915068
vn 0.403300 0.000000 0.915068
vn 0.000000 0.000000 1.000000
vn 0.000000 0.000000 1.000000
vn 0.000000 0.000000 1.000000
vn -0.104212 0.104216 -0.989080
vn -0.104212 0.104216 -0.989080
vn -0.104212 0.104216 -0.989080
vn -0.104210 0.104208 -0.989081
vn -0.104210 0.104208 -0.989081
vn -0.104210 0.104208 -0.989081
vn -0.052986 0.104631 -0.993099
vn -0.052986 0.104631 -0.993099
vn -0.052986 0.104631 -0.993099
vn 0.000000 0.318052 -0.948073
vn 0.000000 0.318052 -0.948073
vn 0.000000 0.318052 -0.948073
vn 0.403383 0.000000 -0.915031
vn 0.403383 0.000000 -0.915031
vn 0.403383 0.000000 -0.915031
vn 0.000000 0.000000 -1.000000
vn 0.000000 0.000000 -1.000000
vn 0.000000 0.000000 -1.000000
vn 0.000000 0.000000 -1.000000
vn 0.000000 0.000000 -1.000000
vn 0.000000 0.000000 -1.000000
vn 0.000000 0.000000 -1.000000
vn 0.000000 0.000000 -1.000000
vn 0.000000 0.000000 -1.000000
vn 0.000000 0.000000 -1.000000
vn 0.000000 0.000000 -1.000000
vn 0.000000 0.000000 -1.000000
vn 0.000000 0.000000 -1.000000
vn 0.000000 0.000000 -1.000000
vn 0.000000 0.000000 -1.000000
vn 0.000000 0.000000 -1.000000
vn 0.000000 0.000000 -1.000000
vn 0.000000 0.000000 -1.000000
vn 0.000000 0.000000 -1.000000
vn 0.000000 0.000000 -1.000000
vn 0.000000 0.000000 -1.000000
vn 0.000000 0.000000 -1.000000
vn 0.000000 0.000000 -1.000000
vn 0.000000 0.000000 -1.000000
vn 0.000000 0.000000 -1.000000
vn 0.000000 0.000000 -1.000000
vn 0.000000 0.000000 -1.000000
vn 0.000000 0.000000 -1.000000
vn 0.000000 0.000000 -1.000000
vn 0.000000 0.000000 -1.000000
vn 0.000000 0.000000 -1.000000
vn 0.000000 0.000000 -1.000000
vn 0.000000 0.000000 -1.000000
vn 0.000000 0.000000 -1.000000
vn 0.000000 0.000000 -1.000000
vn 0.000000 0.000000 -1.000000
vn 0.000000 0.000000 -1.000000
vn 0.000000 0.000000 -1.000000
vn 0.000000 0.000000 -1.000000
vn -0.104211 0.104213 -0.989080
vn -0.104211 0.104213 -0.989080
vn -0.104211 0.104213 -0.989080
vn -0.104212 0.104212 -0.989080
vn -0.104212 0.104212 -0.989080
vn -0.104212 0.104212 -0.989080
vn -0.104187 0.104188 0.989085
vn -0.104187 0.104188 0.989085
vn -0.104187 0.104188 0.989085
vn -0.104187 0.104184 0.989086
vn -0.104187 0.104184 0.989086
vn -0.104187 0.104184 0.989086
vn 0.000000 0.000000 1.000000
vn 0.000000 0.000000 1.000000
vn 0.000000 0.000000 1.000000
vn 0.000000 0.000000 1.000000
vn 0.000000 0.000000 1.000000
vn 0.000000 0.000000 1.000000
vn 0.000000 0.000000 1.000000
vn 0.000000 0.000000 1.000000
vn 0.000000 0.000000 1.000000
vn 0.000000 0.000000 1.000000
vn 0.000000 0.000000 1.000000
vn 0.000000 0.000000 1.000000
vn 0.000000 0.000000 1.000000
vn 0.000000 0.000000 1.000000
vn 0.000000 0.000000 1.000000
vn 0.000000 0.000000 1.000000
vn 0.000000 0.000000 1.000000
vn 0.000000 0.000000 1.000000
vn 0.000000 0.000000 1.000000
vn 0.000000 0.000000 1.000000
vn 0.000000 0.000000 1.000000
vn 0.000000 0.000000 1.000000
vn 0.000000 0.000000 1.000000
vn 0.000000 0.000000 1.000000
vn 0.000000 0.000000 1.000000
vn 0.000000 0.000000 1.000000
vn 0.000000 0.000000 1.000000
vn 0.000000 0.000000 1.000000
vn 0.000000 0.000000 1.000000
vn 0.000000 0.000000 1.000000
vn 0.000000 0.000000 1.000000
vn 0.000000 0.000000 1.000000
vn 0.000000 0.000000 1.000000
vn 0.000000 0.000000 1.000000
vn 0.000000 0.000000 1.000000
vn 0.000000 0.000000 1.000000
vn 0.000000 0.000000 1.000000
vn 0.000000 0.000000 1.000000
vn 0.000000 0.000000 1.000000
vn 0.000000 0.000000 1.000000
vn 0.000000 0.000000 1.000000
vn 0.000000 0.000000 1.000000
vn 0.000000 0.000000 1.000000
vn 0.000000 0.000000 1.000000
vn 0.000000 0.000000 1.000000
vn 0.000000 0.000000 1.000000
vn 0.000000 0.000000 1.000000
vn 0.000000 0.000000 1.000000
vn 0.000000 0.000000 1.000000
vn 0.000000 0.000000 1.000000
vn 0.000000 0.000000 1.000000
vn 0.000000 0.000000 1.000000
vn 0.000000 0.000000 1.000000
vn 0.000000 0.000000 1.000000
vn 0.000000 0.000000 1.000000
vn 0.000000 0.000000 1.000000
vn 0.000000 0.000000 1.000000
vn 0.000000 0.000000 1.000000
vn 0.000000 0.000000 1.000000
vn 0.000000 0.000000 1.000000
vn 0.104187 -0.104184 0.989086
vn 0.104187 -0.104184 0.989086
vn 0.104187 -0.104184 0.989086
vn 0.104187 -0.104189 0.989085
vn 0.104187 -0.104189 0.989085
vn 0.104187 -0.104189 0.989085
vn 0.104212 -0.104213 -0.989080
vn 0.104212 -0.104213 -0.989080
vn 0.104212 -0.104213 -0.989080
vn 0.104211 -0.104213 -0.989080
vn 0.104211 -0.104213 -0.989080
vn 0.104211 -0.104213 -0.989080
vn 0.000000 0.000000 -1.000000
vn 0.000000 0.000000 -1.000000
vn 0.000000 0.000000 -1.000000
vn 0.000000 0.000000 -1.000000
vn 0.000000 0.000000 -1.000000
vn 0.000000 0.000000 -1.000000
vn 0.000000 0.000000 -1.000000
vn 0.000000 0.000000 -1.000000
vn 0.000000 0.000000 -1.000000
vn 0.000000 0.000000 -1.000000
vn 0.000000 0.000000 -1.000000
vn 0.000000 0.000000 -1.000000
vn 0.000000 0.000000 -1.000000
vn 0.000000 0.000000 -1.000000
vn 0.000000 0.000000 -1.000000
vn 0.000000 0.000000 -1.000000
vn 0.000000 0.000000 -1.000000
vn 0.000000 0.000000 -1.000000
vn 0.000000 0.000000 -1.000000
vn 0.000000 0.000000 -1.000000
vn 0.000000 0.000000 -1.000000
vn -0.318076 0.000000 -0.948065
vn -0.318076 0.000000 -0.948065
vn -0.318076 0.000000 -0.948065
vn -0.104635 -0.052987 -0.993098
vn -0.104635 -0.052987 -0.993098
vn -0.104635 -0.052987 -0.993098
vn -0.313961 -0.158989 0.936029
vn -0.313961 -0.158989 0.936029
vn -0.313961 -0.158989 0.936029
vn -0.104757 0.000000 0.994498
vn -0.104757 0.000000 0.994498
vn -0.104757 0.000000 0.994498
vn 0.000000 0.000000 1.000000
vn 0.000000 0.000000 1.000000
vn 0.000000 0.000000 1.000000
vn 0.000000 0.000000 1.000000
vn 0.000000 0.000000 1.000000
vn 0.000000 0.000000 1.000000
vn 0.000000 0.000000 1.000000
vn 0.000000 0.000000 1.000000
vn 0.000000 0.000000 1.000000
vn 0.000000 0.000000 1.000000
vn 0.000000 0.000000 1.000000
vn 0.000000 0.000000 1.000000
vn 0.000000 0.000000 1.000000
vn 0.000000 0.000000 1.000000
vn 0.000000 0.000000 1.000000
vn 0.000000 0.000000 1.000000
vn 0.000000 0.000000 1.000000
vn 0.000000 0.000000 1.000000
vn 0.000000 0.000000 1.000000
vn 0.000000 0.000000 1.000000
vn 0.000000 0.000000 1.000000
vn 0.000000 0.000000 1.000000
vn 0.000000 0.000000 1.000000
vn 0.000000 0.000000 1.000000
vn 0.403383 0.000000 -0.915031
vn 0.403383 0.000000 -0.915031
vn 0.403383 0.000000 -0.915031
vn 0.403383 0.000000 -0.915031
vn 0.403383 0.000000 -0.915031
vn 0.403383 0.000000 -0.915031
vn 0.000000 0.000000 -1.000000
vn 0.000000 0.000000 -1.000000
vn 0.000000 0.000000 -1.000000
vn 0.000000 0.000000 -1.000000
vn 0.000000 0.000000 -1.000000
vn 0.000000 0.000000 -1.000000
vn 0.000000 0.000000 -1.000000
vn 0.000000 0.000000 -1.000000
vn 0.000000 0.000000 -1.000000
vn 0.000000 0.000000 -1.000000
vn 0.000000 0.000000 -1.000000
vn 0.000000 0.000000 -1.000000
vn 0.000000 0.000000 -1.000000
vn 0.000000 0.000000 -1.000000
vn 0.000000 0.000000 -1.000000
vn 0.000000 0.000000 -1.000000
vn 0.000000 0.000000 -1.000000
vn 0.000000 0.000000 -1.000000
vn 0.000000 0.000000 -1.000000
vn 0.000000 0.000000 -1.000000
vn 0.000000 0.000000 -1.000000
vn 0.000000 0.000000 -1.000000
vn 0.000000 0.000000 -1.000000
vn 0.000000 0.000000 -1.000000
vn 0.000000 0.000000 -1.000000
vn 0.000000 0.000000 -1.000000
vn 0.000000 0.000000 -1.000000
vn 0.000000 0.000000 -1.000000
vn 0.000000 0.000000 -1.000000
vn 0.000000 0.000000 -1.000000
vn 0.000000 0.000000 -1.000000
vn 0.000000 0.000000 -1.000000
vn 0.000000 0.000000 -1.000000
vn 0.000000 0.000000 -1.000000
vn 0.000000 0.000000 -1.000000
vn 0.000000 0.000000 -1.000000
vn 0.000000 0.000000 -1.000000
vn 0.000000 0.000000 -1.000000
vn 0.000000 0.000000 -1.000000
vn 0.000000 0.000000 -1.000000
vn 0.000000 0.000000 -1.000000
vn 0.000000 0.000000 -1.000000
vn 0.000000 0.000000 -1.000000
vn 0.000000 0.000000 -1.000000
vn 0.000000 0.000000 -1.000000
vn 0.000000 0.000000 -1.000000
vn 0.000000 0.000000 -1.000000
vn 0.000000 0.000000 -1.000000
vn 0.000000 0.000000 -1.000000
vn 0.000000 0.000000 -1.000000
vn 0.000000 0.000000 -1.000000
vn 0.000000 0.000000 -1.000000
vn 0.000000 0.000000 -1.000000
vn 0.000000 0.000000 -1.000000
vn 0.000000 0.000000 -1.000000
vn 0.000000 0.000000 -1.000000
vn 0.000000 0.000000 -1.000000
vn 0.000000 0.000000 -1.000000
vn 0.000000 0.000000 -1.000000
vn 0.000000 0.000000 -1.000000
vn 0.000000 0.000000 -1.000000
vn 0.000000 0.000000 -1.000000
vn 0.000000 0.000000 -1.000000
vn -0.104211 0.104211 -0.989080
vn -0.104211 0.104211 -0.989080
vn -0.104211 0.104211 -0.989080
vn -0.104188 0.104188 0.989085
vn -0.104188 0.104188 0.989085
vn -0.104188 0.104188 0.989085
vn -0.104186 0.104188 0.989086
vn -0.104186 0.104188 0.989086
vn -0.104186 0.104188 0.989086
vn 0.000000 0.000000 1.000000
vn 0.000000 0.000000 1.000000
vn 0.000000 0.000000 1.000000
vn 0.000000 0.000000 1.000000
vn 0.000000 0.000000 1.000000
vn 0.000000 0.000000 1.000000
vn 0.000000 0.000000 1.000000
vn 0.000000 0.000000 1.000000
vn 0.000000 0.000000 1.000000
vn 0.000000 0.000000 1.000000
vn 0.000000 0.000000 1.000000
vn 0.000000 0.000000 1.000000
vn 0.000000 0.000000 1.000000
vn 0.000000 0.000000 1.000000
vn 0.000000 0.000000 1.000000
vn 0.000000 0.000000 1.000000
vn 0.000000 0.000000 1.000000
vn 0.000000 0.000000 1.000000
vn 0.000000 0.000000 1.000000
vn 0.000000 0.000000 1.000000
vn 0.000000 0.000000 1.000000
vn 0.000000 0.000000 1.000000
vn 0.000000 0.000000 1.000000
vn 0.000000 0.000000 1.000000
vn 0.000000 0.000000 1.000000
vn 0.000000 0.000000 1.000000
vn 0.000000 0.000000 1.000000
vn 0.000000 0.000000 1.000000
vn 0.000000 0.000000 1.000000
vn 0.000000 0.000000 1.000000
vn 0.000000 0.000000 1.000000
vn 0.000000 0.000000 1.000000
vn 0.000000 0.000000 1.000000
vn 0.000000 0.000000 1.000000
vn 0.000000 0.000000 1.000000
vn 0.000000 0.000000 1.000000
vn 0.000000 0.000000 1.000000
vn 0.000000 0.000000 1.000000
vn 0.000000 0.000000 1.000000
vn 0.403300 0.000000 0.915068
vn 0.403300 0.000000 0.915068
vn 0.403300 0.000000 0.915068
vn 0.403300 0.000000 0.915068
vn 0.403300 0.000000 0.915068
vn 0.403300 0.000000 0.915068
vn 0.403383 0.000000 -0.915031
vn 0.403383 0.000000 -0.915031
vn 0.403383 0.000000 -0.915031
vn 0.403383 0.000000 -0.915031
vn 0.403383 0.000000 -0.915031
vn 0.403383 0.000000 -0.915031
vn 0.000000 0.000000 -1.000000
vn 0.000000 0.000000 -1.000000
vn 0.000000 0.000000 -1.000000
vn 0.000000 0.000000 -1.000000
vn 0.000000 0.000000 -1.000000
vn 0.000000 0.000000 -1.000000
vn 0.000000 0.000000 -1.000000
vn 0.000000 0.000000 -1.000000
vn 0.000000 0.000000 -1.000000
vn 0.000000 0.000000 -1.000000
vn 0.000000 0.000000 -1.000000
vn 0.000000 0.000000 -1.000000
vn 0.000000 0.000000 -1.000000
vn 0.000000 0.000000 -1.000000
vn 0.000000 0.000000 -1.000000
vn 0.000000 0.000000 -1.000000
vn 0.000000 0.000000 -1.000000
vn 0.000000 0.000000 -1.000000
vn 0.000000 0.000000 -1.000000
vn 0.000000 0.000000 -1.000000
vn 0.000000 0.000000 -1.000000
vn 0.000000 0.000000 -1.000000
vn 0.000000 0.000000 -1.000000
vn 0.000000 0.000000 -1.000000
vn 0.000000 0.000000 -1.000000
vn 0.000000 0.000000 -1.000000
vn 0.000000 0.000000 -1.000000
vn 0.000000 0.000000 -1.000000
vn 0.000000 0.000000 -1.000000
vn 0.000000 0.000000 -1.000000
vn 0.000000 0.000000 -1.000000
vn 0.000000 0.000000 -1.000000
vn 0.000000 0.000000 -1.000000
vn 0.000000 0.000000 -1.000000
vn 0.000000 0.000000 -1.000000
vn 0.000000 0.000000 -1.000000
vn 0.000000 0.000000 -1.000000
vn 0.000000 0.000000 -1.000000
vn 0.000000 0.000000 -1.000000
vn 0.000000 0.000000 -1.000000
vn 0.000000 0.000000 -1.000000
vn 0.000000 0.000000 -1.000000
vn 0.000000 0.000000 -1.000000
vn 0.000000 0.000000 -1.000000
vn 0.000000 0.000000 -1.000000
vn 0.000000 0.000000 -1.000000
vn 0.000000 0.000000 -1.000000
vn 0.000000 0.000000 -1.000000
vn 0.000000 0.000000 -1.000000
vn 0.000000 0.000000 -1.000000
vn 0.000000 0.000000 -1.000000
vn 0.000000 0.000000 -1.000000
vn 0.000000 0.000000 -1.000000
vn 0.000000 0.000000 -1.000000
vn 0.000000 0.000000 -1.000000
vn 0.000000 0.000000 -1.000000
vn 0.000000 0.000000 -1.000000
vn 0.000000 0.000000 -1.000000
vn 0.000000 0.000000 -1.000000
vn 0.000000 0.000000 -1.000000
vn 0.000000 0.000000 -1.000000
vn 0.000000 0.000000 -1.000000
vn 0.000000 0.000000 -1.000000
vn 0.000000 0.000000 -1.000000
vn 0.000000 0.000000 -1.000000
vn 0.000000 0.000000 -1.000000
vn 0.000000 0.000000 -1.000000
vn 0.000000 0.000000 -1.000000
vn 0.000000 0.000000 -1.000000
vn 0.000000 0.000000 -1.000000
vn 0.000000 0.000000 -1.000000
vn 0.000000 0.000000 -1.000000
vn 0.000000 0.000000 -1.000000
vn 0.000000 0.000000 -1.000000
vn 0.000000 0.000000 -1.000000
vn 0.000000 0.000000 -1.000000
vn 0.000000 0.000000 -1.000000
vn 0.000000 0.000000 -1.000000
vn 0.000000 0.000000 -1.000000
vn 0.000000 0.000000 -1.000000
vn 0.000000 0.000000 -1.000000
vn 0.000000 0.000000 -1.000000
vn 0.000000 0.000000 -1.000000
vn 0.000000 0.000000 -1.000000
vn 0.000000 0.000000 -1.000000
vn 0.000000 0.000000 -1.000000
vn 0.000000 0.000000 -1.000000
vn 0.000000 0.000000 -1.000000
vn 0.000000 0.000000 -1.000000
vn 0.000000 0.000000 -1.000000
vn 0.000000 0.000000 -1.000000
vn 0.000000 0.000000 -1.000000
vn 0.000000 0.000000 -1.000000
vn 0.000000 0.000000 -1.000000
vn 0.000000 0.000000 -1.000000
vn 0.000000 0.000000 -1.000000
vn 0.000000 0.000000 -1.000000
vn 0.000000 0.000000 -1.000000
vn 0.000000 0.000000 -1.000000
vn -0.104211 0.104208 -0.989081
vn -0.104211 0.104208 -0.989081
vn -0.104211 0.104208 -0.989081
vn -0.104211 0.104208 -0.989081
vn -0.104211 0.104208 -0.989081
vn -0.104211 0.104208 -0.989081
vn -0.104186 0.104183 0.989086
vn -0.104186 0.104183 0.989086
vn -0.104186 0.104183 0.989086
vn -0.104186 0.104188 0.989086
vn -0.104186 0.104188 0.989086
vn -0.104186 0.104188 0.989086
vn 0.000000 0.000000 1.000000
vn 0.000000 0.000000 1.000000
vn 0.000000 0.000000 1.000000
vn 0.000000 0.000000 1.000000
vn 0.000000 0.000000 1.000000
vn 0.000000 0.000000 1.000000
vn 0.000000 0.000000 1.000000
vn 0.000000 0.000000 1.000000
vn 0.000000 0.000000 1.000000
vn 0.000000 0.000000 1.000000
vn 0.000000 0.000000 1.000000
vn 0.000000 0.000000 1.000000
vn 0.000000 0.000000 1.000000
vn 0.000000 0.000000 1.000000
vn 0.000000 0.000000 1.000000
vn 0.000000 0.000000 1.000000
vn 0.000000 0.000000 1.000000
vn 0.000000 0.000000 1.000000
vn 0.000000 0.000000 1.000000
vn 0.000000 0.000000 1.000000
vn 0.000000 0.000000 1.000000
vn 0.000000 0.000000 1.000000
vn 0.000000 0.000000 1.000000
vn 0.000000 0.000000 1.000000
vn 0.000000 0.000000 1.000000
vn 0.000000 0.000000 1.000000
vn 0.000000 0.000000 1.000000
vn 0.000000 0.000000 1.000000
vn 0.000000 0.000000 1.000000
vn 0.000000 0.000000 1.000000
vn 0.000000 0.000000 1.000000
vn 0.000000 0.000000 1.000000
vn 0.000000 0.000000 1.000000
vn 0.000000 0.000000 1.000000
vn 0.000000 0.000000 1.000000
vn 0.000000 0.000000 1.000000
vn -0.104212 0.104212 -0.989080
vn -0.104212 0.104212 -0.989080
vn -0.104212 0.104212 -0.989080
vn -0.104183 0.104183 0.989086
vn -0.104183 0.104183 0.989086
vn -0.104183 0.104183 0.989086
vn 0.403383 0.000000 -0.915031
vn 0.403383 0.000000 -0.915031
vn 0.403383 0.000000 -0.915031
vn 0.403383 0.000000 -0.915031
vn 0.403383 0.000000 -0.915031
vn 0.403383 0.000000 -0.915031
vn 0.000000 0.000000 -1.000000
vn 0.000000 0.000000 -1.000000
vn 0.000000 0.000000 -1.000000
vn 0.000000 0.000000 -1.000000
vn 0.000000 0.000000 -1.000000
vn 0.000000 0.000000 -1.000000
vn 0.000000 0.000000 -1.000000
vn 0.000000 0.000000 -1.000000
vn 0.000000 0.000000 -1.000000
vn 0.000000 0.000000 -1.000000
vn 0.000000 0.000000 -1.000000
vn 0.000000 0.000000 -1.000000
vn 0.000000 0.000000 -1.000000
vn 0.000000 0.000000 -1.000000
vn 0.000000 0.000000 -1.000000
vn 0.000000 0.000000 -1.000000
vn 0.000000 0.000000 -1.000000
vn 0.000000 0.000000 -1.000000
vn 0.000000 0.000000 -1.000000
vn 0.000000 0.000000 -1.000000
vn 0.000000 0.000000 -1.000000
vn 0.000000 0.000000 -1.000000
vn 0.000000 0.000000 -1.000000
vn 0.000000 0.000000 -1.000000
vn 0.000000 0.000000 -1.000000
vn 0.000000 0.000000 -1.000000
vn 0.000000 0.000000 -1.000000
vn 0.000000 0.000000 -1.000000
vn 0.000000 0.000000 -1.000000
vn 0.000000 0.000000 -1.000000
vn 0.000000 0.000000 -1.000000
vn 0.000000 0.000000 -1.000000
vn 0.000000 0.000000 -1.000000
vn 0.000000 0.000000 -1.000000
vn 0.000000 0.000000 -1.000000
vn 0.000000 0.000000 -1.000000
vn 0.000000 0.000000 -1.000000
vn 0.000000 0.000000 -1.000000
vn 0.000000 0.000000 -1.000000
vn 0.000000 0.000000 -1.000000
vn 0.000000 0.000000 -1.000000
vn 0.000000 0.000000 -1.000000
vn 0.000000 0.000000 -1.000000
vn 0.000000 0.000000 -1.000000
vn 0.000000 0.000000 -1.000000
vn 0.000000 0.000000 -1.000000
vn 0.000000 0.000000 -1.000000
vn 0.000000 0.000000 -1.000000
vn 0.000000 0.000000 -1.000000
vn 0.000000 0.000000 -1.000000
vn 0.000000 0.000000 -1.000000
vn 0.000000 0.000000 -1.000000
vn 0.000000 0.000000 -1.000000
vn 0.000000 0.000000 -1.000000
vn 0.000000 0.000000 -1.000000
vn 0.000000 0.000000 -1.000000
vn 0.000000 0.000000 -1.000000
vn 0.000000 0.000000 -1.000000
vn 0.000000 0.000000 -1.000000
vn 0.000000 0.000000 -1.000000
vn 0.000000 0.000000 -1.000000
vn 0.000000 0.000000 -1.000000
vn 0.000000 0.000000 -1.000000
vn 0.000000 0.000000 -1.000000
vn 0.000000 0.000000 -1.000000
vn 0.000000 0.000000 -1.000000
vn 0.000000 0.000000 -1.000000
vn 0.000000 0.000000 -1.000000
vn 0.000000 0.000000 -1.000000
vn 0.000000 0.000000 -1.000000
vn 0.000000 0.000000 -1.000000
vn 0.000000 0.000000 -1.000000
vn 0.000000 0.000000 -1.000000
vn 0.000000 0.000000 -1.000000
vn 0.000000 0.000000 -1.000000
vn 0.000000 0.000000 -1.000000
vn 0.000000 0.000000 -1.000000
vn 0.000000 0.000000 -1.000000
vn 0.000000 0.000000 -1.000000
vn 0.000000 0.000000 -1.000000
vn 0.000000 0.000000 -1.000000
vn 0.000000 0.000000 -1.000000
vn 0.000000 0.000000 -1.000000
vn 0.000000 0.000000 -1.000000
vn 0.000000 0.000000 -1.000000
vn 0.000000 0.000000 -1.000000
vn 0.000000 0.000000 -1.000000
vn 0.000000 0.000000 -1.000000
vn 0.000000 0.000000 -1.000000
vn 0.000000 0.000000 -1.000000
vn 0.000000 0.000000 -1.000000
vn 0.000000 0.000000 -1.000000
vn 0.000000 0.000000 -1.000000
vn -0.104211 0.104213 -0.989080
vn -0.104211 0.104213 -0.989080
vn -0.104211 0.104213 -0.989080
vn -0.104212 0.104212 -0.989080
vn -0.104212 0.104212 -0.989080
vn -0.104212 0.104212 -0.989080
vn -0.104187 0.104188 0.989085
vn -0.104187 0.104188 0.989085
vn -0.104187 0.104188 0.989085
vn -0.104187 0.104188 0.989085
vn -0.104187 0.104188 0.989085
vn -0.104187 0.104188 0.989085
vn 0.000000 0.000000 1.000000
vn 0.000000 0.000000 1.000000
vn 0.000000 0.000000 1.000000
vn 0.000000 0.000000 1.000000
vn 0.000000 0.000000 1.000000
vn 0.000000 0.000000 1.000000
vn 0.000000 0.000000 1.000000
vn 0.000000 0.000000 1.000000
vn 0.000000 0.000000 1.000000
vn 0.000000 0.000000 1.000000
vn 0.000000 0.000000 1.000000
vn 0.000000 0.000000 1.000000
vn 0.000000 0.000000 1.000000
vn 0.000000 0.000000 1.000000
vn 0.000000 0.000000 1.000000
vn 0.000000 0.000000 1.000000
vn 0.000000 0.000000 1.000000
vn 0.000000 0.000000 1.000000
vn 0.000000 0.000000 1.000000
vn 0.000000 0.000000 1.000000
vn 0.000000 0.000000 1.000000
vn 0.000000 0.000000 1.000000
vn 0.000000 0.000000 1.000000
vn 0.000000 0.000000 1.000000
vn 0.000000 0.000000 1.000000
vn 0.000000 0.000000 1.000000
vn 0.000000 0.000000 1.000000
vn 0.000000 0.000000 1.000000
vn 0.000000 0.000000 1.000000
vn 0.000000 0.000000 1.000000
vn 0.000000 0.000000 1.000000
vn 0.000000 0.000000 1.000000
vn 0.000000 0.000000 1.000000
vn 0.000000 0.000000 1.000000
vn 0.000000 0.000000 1.000000
vn 0.000000 0.000000 1.000000
vn -0.104211 0.104211 -0.989080
vn -0.104211 0.104211 -0.989080
vn -0.104211 0.104211 -0.989080
vn -0.104188 0.104188 0.989085
vn -0.104188 0.104188 0.989085
vn -0.104188 0.104188 0.989085
vn 0.403383 0.000000 -0.915031
vn 0.403383 0.000000 -0.915031
vn 0.403383 0.000000 -0.915031
vn 0.403383 0.000000 -0.915031
vn 0.403383 0.000000 -0.915031
vn 0.403383 0.000000 -0.915031
vn 0.000000 0.000000 -1.000000
vn 0.000000 0.000000 -1.000000
vn 0.000000 0.000000 -1.000000
vn 0.000000 0.000000 -1.000000
vn 0.000000 0.000000 -1.000000
vn 0.000000 0.000000 -1.000000
vn 0.000000 0.000000 -1.000000
vn 0.000000 0.000000 -1.000000
vn 0.000000 0.000000 -1.000000
vn 0.000000 0.000000 -1.000000
vn 0.000000 0.000000 -1.000000
vn 0.000000 0.000000 -1.000000
vn 0.000000 0.000000 -1.000000
vn 0.000000 0.000000 -1.000000
vn 0.000000 0.000000 -1.000000
vn 0.000000 0.000000 -1.000000
vn 0.000000 0.000000 -1.000000
vn 0.000000 0.000000 -1.000000
vn 0.000000 0.000000 -1.000000
vn 0.000000 0.000000 -1.000000
vn 0.000000 0.000000 -1.000000
vn 0.000000 0.000000 -1.000000
vn 0.000000 0.000000 -1.000000
vn 0.000000 0.000000 -1.000000
vn 0.000000 0.000000 -1.000000
vn 0.000000 0.000000 -1.000000
vn 0.000000 0.000000 -1.000000
vn 0.000000 0.000000 -1.000000
vn 0.000000 0.000000 -1.000000
vn 0.000000 0.000000 -1.000000
vn 0.000000 0.000000 -1.000000
vn 0.000000 0.000000 -1.000000
vn 0.000000 0.000000 -1.000000
vn 0.000000 0.000000 -1.000000
vn 0.000000 0.000000 -1.000000
vn 0.000000 0.000000 -1.000000
vn 0.000000 0.000000 -1.000000
vn 0.000000 0.000000 -1.000000
vn 0.000000 0.000000 -1.000000
vn 0.000000 -0.318052 -0.948073
vn 0.000000 -0.318052 -0.948073
vn 0.000000 -0.318052 -0.948073
vn 0.052985 -0.104631 -0.993099
vn 0.052985 -0.104631 -0.993099
vn 0.052985 -0.104631 -0.993099
vn 0.158978 -0.313938 0.936039
vn 0.158978 -0.313938 0.936039
vn 0.158978 -0.313938 0.936039
vn 0.000000 -0.104753 0.994498
vn 0.000000 -0.104753 0.994498
vn 0.000000 -0.104753 0.994498
vn 0.000000 0.000000 1.000000
vn 0.000000 0.000000 1.000000
vn 0.000000 0.000000 1.000000
vn 0.000000 0.000000 1.000000
vn 0.000000 0.000000 1.000000
vn 0.000000 0.000000 1.000000
vn 0.000000 0.000000 1.000000
vn 0.000000 0.000000 1.000000
vn 0.000000 0.000000 1.000000
vn 0.000000 0.000000 1.000000
vn 0.000000 0.000000 1.000000
vn 0.000000 0.000000 1.000000
vn 0.000000 0.000000 1.000000
vn 0.000000 0.000000 1.000000
vn 0.000000 0.000000 1.000000
vn 0.000000 0.000000 1.000000
vn 0.000000 0.000000 1.000000
vn 0.000000 0.000000 1.000000
vn 0.000000 0.000000 1.000000
vn 0.000000 0.000000 1.000000
vn 0.000000 0.000000 1.000000
vn 0.000000 0.000000 1.000000
vn 0.000000 0.000000 1.000000
vn 0.000000 0.000000 1.000000
vn 0.000000 0.000000 1.000000
vn 0.000000 0.000000 1.000000
vn 0.000000 0.000000 1.000000
vn 0.000000 0.000000 1.000000
vn 0.000000 0.000000 1.000000
vn 0.000000 0.000000 1.000000
vn 0.000000 0.000000 1.000000
vn 0.000000 0.000000 1.000000
vn 0.000000 0.000000 1.000000
vn 0.000000 0.000000 1.000000
vn 0.000000 0.000000 1.000000
vn 0.000000 0.000000 1.000000
vn 0.000000 0.000000 1.000000
vn 0.000000 0.000000 1.000000
vn 0.000000 0.000000 1.000000
vn 0.000000 0.000000 1.000000
vn 0.000000 0.000000 1.000000
vn 0.000000 0.000000 1.000000
vn 0.000000 0.000000 1.000000
vn 0.000000 0.000000 1.000000
vn 0.000000 0.000000 1.000000
vn 0.000000 0.000000 1.000000
vn 0.000000 0.000000 1.000000
vn 0.000000 0.000000 1.000000
vn 0.000000 0.000000 1.000000
vn 0.000000 0.000000 1.000000
vn 0.000000 0.000000 1.000000
vn 0.000000 0.000000 1.000000
vn 0.000000 0.000000 1.000000
vn 0.000000 0.000000 1.000000
vn 0.000000 0.000000 1.000000
vn 0.000000 0.000000 1.000000
vn 0.000000 0.000000 1.000000
vn 0.000000 0.000000 1.000000
vn 0.000000 0.000000 1.000000
vn 0.000000 0.000000 1.000000
vn 0.000000 0.000000 -1.000000
vn 0.000000 0.000000 -1.000000
vn 0.000000 0.000000 -1.000000
vn 0.000000 0.000000 -1.000000
vn 0.000000 0.000000 -1.000000
vn 0.000000 0.000000 -1.000000
vn 0.000000 0.000000 -1.000000
vn 0.000000 0.000000 -1.000000
vn 0.000000 0.000000 -1.000000
vn 0.000000 0.000000 -1.000000
vn 0.000000 0.000000 -1.000000
vn 0.000000 0.000000 -1.000000
vn 0.000000 0.000000 -1.000000
vn 0.000000 0.000000 -1.000000
vn 0.000000 0.000000 -1.000000
vn 0.000000 0.000000 -1.000000
vn 0.000000 0.000000 -1.000000
vn 0.000000 0.000000 -1.000000
vn 0.000000 0.000000 -1.000000
vn 0.000000 0.000000 -1.000000
vn 0.000000 0.000000 -1.000000
vn 0.000000 0.000000 -1.000000
vn 0.000000 0.000000 -1.000000
vn 0.000000 0.000000 -1.000000
vn 0.000000 0.000000 -1.000000
vn 0.000000 0.000000 -1.000000
vn 0.000000 0.000000 -1.000000
vn 0.000000 0.000000 -1.000000
vn 0.000000 0.000000 -1.000000
vn 0.000000 0.000000 -1.000000
vn 0.000000 0.000000 -1.000000
vn 0.000000 0.000000 -1.000000
vn 0.000000 0.000000 -1.000000
vn 0.000000 0.000000 -1.000000
vn 0.000000 0.000000 -1.000000
vn 0.000000 0.000000 -1.000000
vn 0.000000 0.000000 -1.000000
vn 0.000000 0.000000 -1.000000
vn 0.000000 0.000000 -1.000000
vn 0.000000 0.000000 -1.000000
vn 0.000000 0.000000 -1.000000
vn 0.000000 0.000000 -1.000000
vn -0.104211 0.104213 -0.989080
vn -0.104211 0.104213 -0.989080
vn -0.104211 0.104213 -0.989080
vn -0.104212 0.104212 -0.989080
vn -0.104212 0.104212 -0.989080
vn -0.104212 0.104212 -0.989080
vn -0.104187 0.104188 0.989085
vn -0.104187 0.104188 0.989085
vn -0.104187 0.104188 0.989085
vn -0.104187 0.104184 0.989086
vn -0.104187 0.104184 0.989086
vn -0.104187 0.104184 0.989086
vn 0.000000 0.000000 1.000000
vn 0.000000 0.000000 1.000000
vn 0.000000 0.000000 1.000000
vn 0.000000 0.000000 1.000000
vn 0.000000 0.000000 1.000000
vn 0.000000 0.000000 1.000000
vn 0.000000 0.000000 1.000000
vn 0.000000 0.000000 1.000000
vn 0.000000 0.000000 1.000000
vn 0.000000 0.000000 1.000000
vn 0.000000 0.000000 1.000000
vn 0.000000 0.000000 1.000000
vn 0.000000 0.000000 1.000000
vn 0.000000 0.000000 1.000000
vn 0.000000 0.000000 1.000000
vn 0.000000 0.000000 1.000000
vn 0.000000 0.000000 1.000000
vn 0.000000 0.000000 1.000000
vn 0.000000 0.000000 1.000000
vn 0.000000 0.000000 1.000000
vn 0.000000 0.000000 1.000000
vn 0.000000 0.000000 1.000000
vn 0.000000 0.000000 1.000000
vn 0.000000 0.000000 1.000000
vn 0.000000 0.000000 1.000000
vn 0.000000 0.000000 1.000000
vn 0.000000 0.000000 1.000000
vn 0.000000 0.000000 1.000000
vn 0.000000 0.000000 1.000000
vn 0.000000 0.000000 1.000000
vn 0.000000 0.000000 1.000000
vn 0.000000 0.000000 1.000000
vn 0.000000 0.000000 1.000000
vn 0.000000 0.000000 1.000000
vn 0.000000 0.000000 1.000000
vn 0.000000 0.000000 1.000000
vn -0.104212 0.104216 -0.989080
vn -0.104212 0.104216 -0.989080
vn -0.104212 0.104216 -0.989080
vn -0.104184 0.104188 0.989086
vn -0.104184 0.104188 0.989086
vn -0.104184 0.104188 0.989086
vn 0.403383 0.000000 -0.915031
vn 0.403383 0.000000 -0.915031
vn 0.403383 0.000000 -0.915031
vn 0.401521 -0.095966 -0.910808
vn 0.401521 -0.095966 -0.910808
vn 0.401521 -0.095966 -0.910808
vn 0.104212 -0.104213 -0.989080
vn 0.104212 -0.104213 -0.989080
vn 0.104212 -0.104213 -0.989080
vn 0.104212 -0.104213 -0.989080
vn 0.104212 -0.104213 -0.989080
vn 0.104212 -0.104213 -0.989080
vn 0.104212 -0.104208 -0.989081
vn 0.104212 -0.104208 -0.989081
vn 0.104212 -0.104208 -0.989081
vn 0.104187 -0.104184 0.989086
vn 0.104187 -0.104184 0.989086
vn 0.104187 -0.104184 0.989086
vn 0.104183 -0.104183 0.989086
vn 0.104183 -0.104183 0.989086
vn 0.104183 -0.104183 0.989086
vn 0.104186 -0.104184 0.989086
vn 0.104186 -0.104184 0.989086
vn 0.104186 -0.104184 0.989086
vn 0.104186 -0.104188 0.989086
vn 0.104186 -0.104188 0.989086
vn 0.104186 -0.104188 0.989086
vn 0.104188 -0.104188 0.989085
vn 0.104188 -0.104188 0.989085
vn 0.104188 -0.104188 0.989085
vn 0.104212 -0.104213 -0.989080
vn 0.104212 -0.104213 -0.989080
vn 0.104212 -0.104213 -0.989080
vn 0.104212 -0.104213 -0.989080
vn 0.104212 -0.104213 -0.989080
vn 0.104212 -0.104213 -0.989080
vn 0.104211 -0.104213 -0.989080
vn 0.104211 -0.104213 -0.989080
vn 0.104211 -0.104213 -0.989080
vn 0.104212 -0.104216 -0.989080
vn 0.104212 -0.104216 -0.989080
vn 0.104212 -0.104216 -0.989080
vn 0.104212 -0.104208 -0.989081
vn 0.104212 -0.104208 -0.989081
vn 0.104212 -0.104208 -0.989081
vn 0.104187 -0.104184 0.989086
vn 0.104187 -0.104184 0.989086
vn 0.104187 -0.104184 0.989086
vn 0.104183 -0.104183 0.989086
vn 0.104183 -0.104183 0.989086
vn 0.104183 -0.104183 0.989086
vn 0.104186 -0.104184 0.989086
vn 0.104186 -0.104184 0.989086
vn 0.104186 -0.104184 0.989086
vn 0.104186 -0.104188 0.989086
vn 0.104186 -0.104188 0.989086
vn 0.104186 -0.104188 0.989086
vn 0.104188 -0.104188 0.989085
vn 0.104188 -0.104188 0.989085
vn 0.104188 -0.104188 0.989085
vn 0.104212 -0.104213 -0.989080
vn 0.104212 -0.104213 -0.989080
vn 0.104212 -0.104213 -0.989080
vn 0.099397 -0.316477 -0.943378
vn 0.099397 -0.316477 -0.943378
vn 0.099397 -0.316477 -0.943378
vn 0.000000 0.000000 -1.000000
vn 0.000000 0.000000 -1.000000
vn 0.000000 0.000000 -1.000000
vn 0.000000 0.000000 -1.000000
vn 0.000000 0.000000 -1.000000
vn 0.000000 0.000000 -1.000000
vn 0.000000 0.000000 -1.000000
vn 0.000000 0.000000 -1.000000
vn 0.000000 0.000000 -1.000000
vn 0.000000 0.000000 -1.000000
vn 0.000000 0.000000 -1.000000
vn 0.000000 0.000000 -1.000000
vn 0.000000 0.000000 -1.000000
vn 0.000000 0.000000 -1.000000
vn 0.000000 0.000000 -1.000000
vn 0.000000 0.000000 -1.000000
vn 0.000000 0.000000 -1.000000
vn 0.000000 0.000000 -1.000000
vn 0.000000 0.000000 -1.000000
vn 0.000000 0.000000 -1.000000
vn 0.000000 0.000000 -1.000000
vn 0.000000 0.000000 -1.000000
vn 0.000000 0.000000 -1.000000
vn 0.000000 0.000000 -1.000000
vn 0.000000 0.000000 -1.000000
vn 0.000000 0.000000 -1.000000
vn 0.000000 0.000000 -1.000000
vn 0.000000 0.000000 -1.000000
vn 0.000000 0.000000 -1.000000
vn 0.000000 0.000000 -1.000000
vn 0.000000 0.000000 -1.000000
vn 0.000000 0.000000 -1.000000
vn 0.000000 0.000000 -1.000000
vn 0.000000 0.000000 -1.000000
vn 0.000000 0.000000 -1.000000
vn 0.000000 0.000000 -1.000000
vn 0.000000 0.000000 -1.000000
vn 0.000000 0.000000 -1.000000
vn 0.000000 0.000000 -1.000000
vn 0.000000 0.000000 -1.000000
vn 0.000000 0.000000 -1.000000
vn 0.000000 0.000000 -1.000000
vn -0.104211 0.104208 -0.989081
vn -0.104211 0.104208 -0.989081
vn -0.104211 0.104208 -0.989081
vn -0.104211 0.104208 -0.989081
vn -0.104211 0.104208 -0.989081
vn -0.104211 0.104208 -0.989081
vn -0.104186 0.104183 0.989086
vn -0.104186 0.104183 0.989086
vn -0.104186 0.104183 0.989086
vn -0.104186 0.104188 0.989086
vn -0.104186 0.104188 0.989086
vn -0.104186 0.104188 0.989086
vn 0.000000 0.000000 1.000000
vn 0.000000 0.000000 1.000000
vn 0.000000 0.000000 1.000000
vn 0.000000 0.000000 1.000000
vn 0.000000 0.000000 1.000000
vn 0.000000 0.000000 1.000000
vn 0.000000 0.000000 1.000000
vn 0.000000 0.000000 1.000000
vn 0.000000 0.000000 1.000000
vn 0.000000 0.000000 1.000000
vn 0.000000 0.000000 1.000000
vn 0.000000 0.000000 1.000000
vn 0.000000 0.000000 1.000000
vn 0.000000 0.000000 1.000000
vn 0.000000 0.000000 1.000000
vn 0.000000 0.000000 1.000000
vn 0.000000 0.000000 1.000000
vn 0.000000 0.000000 1.000000
vn 0.000000 0.000000 1.000000
vn 0.000000 0.000000 1.000000
vn 0.000000 0.000000 1.000000
vn 0.000000 0.000000 1.000000
vn 0.000000 0.000000 1.000000
vn 0.000000 0.000000 1.000000
vn 0.000000 0.000000 1.000000
vn 0.000000 0.000000 1.000000
vn 0.000000 0.000000 1.000000
vn 0.000000 0.000000 1.000000
vn 0.000000 0.000000 1.000000
vn 0.000000 0.000000 1.000000
vn 0.000000 0.000000 1.000000
vn 0.000000 0.000000 1.000000
vn 0.000000 0.000000 1.000000
vn 0.000000 0.000000 1.000000
vn 0.000000 0.000000 1.000000
vn 0.000000 0.000000 1.000000
vn -0.104212 0.104212 -0.989080
vn -0.104212 0.104212 -0.989080
vn -0.104212 0.104212 -0.989080
vn -0.104183 0.104183 0.989086
vn -0.104183 0.104183 0.989086
vn -0.104183 0.104183 0.989086
vn 0.000000 0.000000 -1.000000
vn 0.000000 0.000000 -1.000000
vn 0.000000 0.000000 -1.000000
vn 0.000000 0.000000 -1.000000
vn 0.000000 0.000000 -1.000000
vn 0.000000 0.000000 -1.000000
vn 0.000000 0.000000 -1.000000
vn 0.000000 0.000000 -1.000000
vn 0.000000 0.000000 -1.000000
vn 0.000000 0.000000 -1.000000
vn 0.000000 0.000000 -1.000000
vn 0.000000 0.000000 -1.000000
vn 0.000000 0.000000 -1.000000
vn 0.000000 0.000000 -1.000000
vn 0.000000 0.000000 -1.000000
vn 0.000000 0.000000 -1.000000
vn 0.000000 0.000000 -1.000000
vn 0.000000 0.000000 -1.000000
vn 0.000000 0.000000 -1.000000
vn 0.000000 0.000000 -1.000000
vn 0.000000 0.000000 -1.000000
vn 0.000000 0.000000 -1.000000
vn 0.000000 0.000000 -1.000000
vn 0.000000 0.000000 -1.000000
vn 0.000000 0.000000 -1.000000
vn 0.000000 0.000000 -1.000000
vn 0.000000 0.000000 -1.000000
vn 0.000000 0.000000 -1.000000
vn 0.000000 0.000000 -1.000000
vn 0.000000 0.000000 -1.000000
vn 0.000000 0.000000 -1.000000
vn 0.000000 0.000000 -1.000000
vn 0.000000 0.000000 -1.000000
vn 0.000000 0.000000 -1.000000
vn 0.000000 0.000000 -1.000000
vn 0.000000 0.000000 -1.000000
vn 0.000000 0.000000 -1.000000
vn 0.000000 0.000000 -1.000000
vn 0.000000 0.000000 -1.000000
vn 0.000000 0.000000 -1.000000
vn 0.000000 0.000000 -1.000000
vn 0.000000 0.000000 -1.000000
vn -0.104211 0.104213 -0.989080
vn -0.104211 0.104213 -0.989080
vn -0.104211 0.104213 -0.989080
vn -0.316501 0.099397 -0.943370
vn -0.316501 0.099397 -0.943370
vn -0.316501 0.099397 -0.943370
vn -0.316431 0.099375 0.943396
vn -0.316431 0.099375 0.943396
vn -0.316431 0.099375 0.943396
vn -0.318006 0.000000 0.948089
vn -0.318006 0.000000 0.948089
vn -0.318006 0.000000 0.948089
vn -0.104211 0.104211 -0.989080
vn -0.104211 0.104211 -0.989080
vn -0.104211 0.104211 -0.989080
vn -0.104188 0.104188 0.989085
vn -0.104188 0.104188 0.989085
vn -0.104188 0.104188 0.989085
vn 0.104211 -0.104211 -0.989080
vn 0.104211 -0.104211 -0.989080
vn 0.104211 -0.104211 -0.989080
vn 0.104211 -0.104213 -0.989080
vn 0.104211 -0.104213 -0.989080
vn 0.104211 -0.104213 -0.989080
vn 0.104212 -0.104213 -0.989080
vn 0.104212 -0.104213 -0.989080
vn 0.104212 -0.104213 -0.989080
vn 0.104210 -0.104208 -0.989081
vn 0.104210 -0.104208 -0.989081
vn 0.104210 -0.104208 -0.989081
vn 0.000000 0.000000 -1.000000
vn 0.000000 0.000000 -1.000000
vn 0.000000 0.000000 -1.000000
vn 0.000000 0.000000 -1.000000
vn 0.000000 0.000000 -1.000000
vn 0.000000 0.000000 -1.000000
vn 0.000000 0.000000 -1.000000
vn 0.000000 0.000000 -1.000000
vn 0.000000 0.000000 -1.000000
vn 0.000000 0.000000 -1.000000
vn 0.000000 0.000000 -1.000000
vn 0.000000 0.000000 -1.000000
vn 0.000000 0.000000 -1.000000
vn 0.000000 0.000000 -1.000000
vn 0.000000 0.000000 -1.000000
vn 0.000000 0.000000 -1.000000
vn 0.000000 0.000000 -1.000000
vn 0.000000 0.000000 -1.000000
vn 0.000000 0.000000 -1.000000
vn 0.000000 0.000000 -1.000000
vn 0.000000 0.000000 -1.000000
vn 0.000000 0.000000 -1.000000
vn 0.000000 0.000000 -1.000000
vn 0.000000 0.000000 -1.000000
vn 0.000000 0.000000 -1.000000
vn 0.000000 0.000000 -1.000000
vn 0.000000 0.000000 -1.000000
vn 0.000000 0.000000 -1.000000
vn 0.000000 0.000000 -1.000000
vn 0.000000 0.000000 -1.000000
vn 0.000000 0.000000 -1.000000
vn 0.000000 0.000000 -1.000000
vn 0.000000 0.000000 -1.000000
vn 0.000000 0.000000 -1.000000
vn 0.000000 0.000000 -1.000000
vn 0.000000 0.000000 -1.000000
vn 0.000000 0.000000 -1.000000
vn 0.000000 0.000000 -1.000000
vn 0.000000 0.000000 -1.000000
vn -0.104782 0.000000 -0.994495
vn -0.104782 0.000000 -0.994495
vn -0.104782 0.000000 -0.994495
vn -0.314028 0.159018 -0.936002
vn -0.314028 0.159018 -0.936002
vn -0.314028 0.159018 -0.936002
vn -0.104610 0.052972 0.993102
vn -0.104610 0.052972 0.993102
vn -0.104610 0.052972 0.993102
vn 0.000000 0.000000 -1.000000
vn 0.000000 0.000000 -1.000000
vn 0.000000 0.000000 -1.000000
vn 0.000000 0.000000 -1.000000
vn 0.000000 0.000000 -1.000000
vn 0.000000 0.000000 -1.000000
vn 0.000000 0.000000 -1.000000
vn 0.000000 0.000000 -1.000000
vn 0.000000 0.000000 -1.000000
vn 0.000000 0.000000 -1.000000
vn 0.000000 0.000000 -1.000000
vn 0.000000 0.000000 -1.000000
vn 0.000000 0.000000 -1.000000
vn 0.000000 0.000000 -1.000000
vn 0.000000 0.000000 -1.000000
vn 0.000000 0.000000 -1.000000
vn 0.000000 0.000000 -1.000000
vn 0.000000 0.000000 -1.000000
vn 0.000000 0.000000 -1.000000
vn 0.000000 0.000000 -1.000000
vn 0.000000 0.000000 -1.000000
vn 0.000000 0.000000 -1.000000
vn 0.000000 0.000000 -1.000000
vn 0.000000 0.000000 -1.000000
vn 0.000000 0.000000 -1.000000
vn 0.000000 0.000000 -1.000000
vn 0.000000 0.000000 -1.000000
vn 0.000000 0.000000 -1.000000
vn 0.000000 0.000000 -1.000000
vn 0.000000 0.000000 -1.000000
vn 0.000000 0.000000 -1.000000
vn 0.000000 0.000000 -1.000000
vn 0.000000 0.000000 -1.000000
vn 0.000000 0.000000 -1.000000
vn 0.000000 0.000000 -1.000000
vn 0.000000 0.000000 -1.000000
vn -0.104212 0.104212 -0.989080
vn -0.104212 0.104212 -0.989080
vn -0.104212 0.104212 -0.989080
vn -0.401521 0.095966 -0.910808
vn -0.401521 0.095966 -0.910808
vn -0.401521 0.095966 -0.910808
vn -0.401440 0.095947 0.910846
vn -0.401440 0.095947 0.910846
vn -0.401440 0.095947 0.910846
vn -0.403300 0.000000 0.915068
vn -0.403300 0.000000 0.915068
vn -0.403300 0.000000 0.915068
vn 0.000000 0.000000 1.000000
vn 0.000000 0.000000 1.000000
vn 0.000000 0.000000 1.000000
vn 0.000000 0.000000 1.000000
vn 0.000000 0.000000 1.000000
vn 0.000000 0.000000 1.000000
vn -0.104212 0.104212 -0.989080
vn -0.104212 0.104212 -0.989080
vn -0.104212 0.104212 -0.989080
vn -0.104188 0.104188 0.989085
vn -0.104188 0.104188 0.989085
vn -0.104188 0.104188 0.989085
vn -0.104187 0.104188 0.989085
vn -0.104187 0.104188 0.989085
vn -0.104187 0.104188 0.989085
vn 0.000000 0.000000 1.000000
vn 0.000000 0.000000 1.000000
vn 0.000000 0.000000 1.000000
vn 0.000000 0.000000 -1.000000
vn 0.000000 0.000000 -1.000000
vn 0.000000 0.000000 -1.000000
vn 0.000000 0.000000 -1.000000
vn 0.000000 0.000000 -1.000000
vn 0.000000 0.000000 -1.000000
vn 0.000000 0.000000 -1.000000
vn 0.000000 0.000000 -1.000000
vn 0.000000 0.000000 -1.000000
vn 0.000000 0.000000 -1.000000
vn 0.000000 0.000000 -1.000000
vn 0.000000 0.000000 -1.000000
vn 0.000000 0.000000 -1.000000
vn 0.000000 0.000000 -1.000000
vn 0.000000 0.000000 -1.000000
vn 0.000000 0.000000 -1.000000
vn 0.000000 0.000000 -1.000000
vn 0.000000 0.000000 -1.000000
vn 0.000000 0.000000 -1.000000
vn 0.000000 0.000000 -1.000000
vn 0.000000 0.000000 -1.000000
vn 0.000000 0.000000 -1.000000
vn 0.000000 0.000000 -1.000000
vn 0.000000 0.000000 -1.000000
vn 0.000000 0.000000 -1.000000
vn 0.000000 0.000000 -1.000000
vn 0.000000 0.000000 -1.000000
vn 0.000000 0.000000 -1.000000
vn 0.000000 0.000000 -1.000000
vn 0.000000 0.000000 -1.000000
vn 0.000000 0.000000 -1.000000
vn 0.000000 0.000000 -1.000000
vn 0.000000 0.000000 -1.000000
vn -0.403383 0.000000 -0.915031
vn -0.403383 0.000000 -0.915031
vn -0.403383 0.000000 -0.915031
vn -0.403383 0.000000 -0.915031
vn -0.403383 0.000000 -0.915031
vn -0.403383 0.000000 -0.915031
vn -0.403300 0.000000 0.915068
vn -0.403300 0.000000 0.915068
vn -0.403300 0.000000 0.915068
vn 0.104211 -0.104211 -0.989080
vn 0.104211 -0.104211 -0.989080
vn 0.104211 -0.104211 -0.989080
vn 0.104211 -0.104213 -0.989080
vn 0.104211 -0.104213 -0.989080
vn 0.104211 -0.104213 -0.989080
vn 0.104212 -0.104213 -0.989080
vn 0.104212 -0.104213 -0.989080
vn 0.104212 -0.104213 -0.989080
vn 0.104210 -0.104208 -0.989081
vn 0.104210 -0.104208 -0.989081
vn 0.104210 -0.104208 -0.989081
vn 0.000000 0.000000 -1.000000
vn 0.000000 0.000000 -1.000000
vn 0.000000 0.000000 -1.000000
vn 0.000000 0.000000 -1.000000
vn 0.000000 0.000000 -1.000000
vn 0.000000 0.000000 -1.000000
vn 0.000000 0.000000 -1.000000
vn 0.000000 0.000000 -1.000000
vn 0.000000 0.000000 -1.000000
vn 0.000000 0.000000 -1.000000
vn 0.000000 0.000000 -1.000000
vn 0.000000 0.000000 -1.000000
vn 0.000000 0.000000 -1.000000
vn 0.000000 0.000000 -1.000000
vn 0.000000 0.000000 -1.000000
vn 0.000000 0.000000 -1.000000
vn 0.000000 0.000000 -1.000000
vn 0.000000 0.000000 -1.000000
vn 0.000000 0.000000 -1.000000
vn 0.000000 0.000000 -1.000000
vn 0.000000 0.000000 -1.000000
vn 0.000000 0.000000 -1.000000
vn 0.000000 0.000000 -1.000000
vn 0.000000 0.000000 -1.000000
vn 0.000000 0.000000 -1.000000
vn 0.000000 0.000000 -1.000000
vn 0.000000 0.000000 -1.000000
vn -0.403383 0.000000 -0.915031
vn -0.403383 0.000000 -0.915031
vn -0.403383 0.000000 -0.915031
vn -0.403383 0.000000 -0.915031
vn -0.403383 0.000000 -0.915031
vn -0.403383 0.000000 -0.915031
vn -0.403300 0.000000 0.915068
vn -0.403300 0.000000 0.915068
vn -0.403300 0.000000 0.915068
vn -0.403300 0.000000 0.915068
vn -0.403300 0.000000 0.915068
vn -0.403300 0.000000 0.915068
vn 0.000000 0.000000 1.000000
vn 0.000000 0.000000 1.000000
vn 0.000000 0.000000 1.000000
vn 0.000000 0.000000 -1.000000
vn 0.000000 0.000000 -1.000000
vn 0.000000 0.000000 -1.000000
vn 0.000000 0.000000 -1.000000
vn 0.000000 0.000000 -1.000000
vn 0.000000 0.000000 -1.000000
vn 0.000000 0.000000 -1.000000
vn 0.000000 0.000000 -1.000000
vn 0.000000 0.000000 -1.000000
vn 0.000000 0.000000 -1.000000
vn 0.000000 0.000000 -1.000000
vn 0.000000 0.000000 -1.000000
vn 0.000000 0.000000 -1.000000
vn 0.000000 0.000000 -1.000000
vn 0.000000 0.000000 -1.000000
vn 0.000000 0.000000 -1.000000
vn 0.000000 0.000000 -1.000000
vn 0.000000 0.000000 -1.000000
vn 0.000000 0.000000 -1.000000
vn 0.000000 0.000000 -1.000000
vn 0.000000 0.000000 -1.000000
vn -0.403383 0.000000 -0.915031
vn -0.403383 0.000000 -0.915031
vn -0.403383 0.000000 -0.915031
vn -0.403383 0.000000 -0.915031
vn -0.403383 0.000000 -0.915031
vn -0.403383 0.000000 -0.915031
vn -0.403300 0.000000 0.915068
vn -0.403300 0.000000 0.915068
vn -0.403300 0.000000 0.915068
vn -0.403300 0.000000 0.915068
vn -0.403300 0.000000 0.915068
vn -0.403300 0.000000 0.915068
vn 0.000000 0.000000 1.000000
vn 0.000000 0.000000 1.000000
vn 0.000000 0.000000 1.000000
vn 0.000000 0.000000 1.000000
vn 0.000000 0.000000 1.000000
vn 0.000000 0.000000 1.000000
vn 0.104212 -0.104213 -0.989080
vn 0.104212 -0.104213 -0.989080
vn 0.104212 -0.104213 -0.989080
vn 0.104183 -0.104183 0.989086
vn 0.104183 -0.104183 0.989086
vn 0.104183 -0.104183 0.989086
vn 0.104211 -0.104208 -0.989081
vn 0.104211 -0.104208 -0.989081
vn 0.104211 -0.104208 -0.989081
vn 0.000000 0.000000 -1.000000
vn 0.000000 0.000000 -1.000000
vn 0.000000 0.000000 -1.000000
vn 0.000000 0.000000 -1.000000
vn 0.000000 0.000000 -1.000000
vn 0.000000 0.000000 -1.000000
vn 0.000000 0.000000 -1.000000
vn 0.000000 0.000000 -1.000000
vn 0.000000 0.000000 -1.000000
vn 0.000000 0.000000 -1.000000
vn 0.000000 0.000000 -1.000000
vn 0.000000 0.000000 -1.000000
vn -0.104208 -0.104208 -0.989081
vn -0.104208 -0.104208 -0.989081
vn -0.104208 -0.104208 -0.989081
vn -0.104187 -0.104187 0.989086
vn -0.104187 -0.104187 0.989086
vn -0.104187 -0.104187 0.989086
vn -0.104186 -0.104183 0.989086
vn -0.104186 -0.104183 0.989086
vn -0.104186 -0.104183 0.989086
vn 0.000000 0.000000 1.000000
vn 0.000000 0.000000 1.000000
vn 0.000000 0.000000 1.000000
vn 0.000000 0.000000 1.000000
vn 0.000000 0.000000 1.000000
vn 0.000000 0.000000 1.000000
vn -0.104212 -0.104209 -0.989081
vn -0.104212 -0.104209 -0.989081
vn -0.104212 -0.104209 -0.989081
vn -0.401522 -0.095961 -0.910808
vn -0.401522 -0.095961 -0.910808
vn -0.401522 -0.095961 -0.910808
vn -0.401440 -0.095942 0.910846
vn -0.401440 -0.095942 0.910846
vn -0.401440 -0.095942 0.910846
vn 0.104212 -0.104216 -0.989080
vn 0.104212 -0.104216 -0.989080
vn 0.104212 -0.104216 -0.989080
vn 0.104184 -0.104188 0.989086
vn 0.104184 -0.104188 0.989086
vn 0.104184 -0.104188 0.989086
vn 0.104187 -0.104189 0.989085
vn 0.104187 -0.104189 0.989085
vn 0.104187 -0.104189 0.989085
vn 0.000000 0.000000 1.000000
vn 0.000000 0.000000 1.000000
vn 0.000000 0.000000 1.000000
vn 0.000000 0.000000 1.000000
vn 0.000000 0.000000 1.000000
vn 0.000000 0.000000 1.000000
vn 0.000000 0.000000 1.000000
vn 0.000000 0.000000 1.000000
vn 0.000000 0.000000 1.000000
vn 0.000000 0.000000 1.000000
vn 0.000000 0.000000 1.000000
vn 0.000000 0.000000 1.000000
vn 0.000000 0.000000 1.000000
vn 0.000000 0.000000 1.000000
vn 0.000000 0.000000 1.000000
vn 0.000000 0.000000 1.000000
vn 0.000000 0.000000 1.000000
vn 0.000000 0.000000 1.000000
vn 0.099397 -0.316477 -0.943378
vn 0.099397 -0.316477 -0.943378
vn 0.099397 -0.316477 -0.943378
vn 0.099375 -0.316408 0.943404
vn 0.099375 -0.316408 0.943404
vn 0.099375 -0.316408 0.943404
vn 0.158966 -0.313939 0.936041
vn 0.158966 -0.313939 0.936041
vn 0.158966 -0.313939 0.936041
vn 0.000000 -0.104758 0.994498
vn 0.000000 -0.104758 0.994498
vn 0.000000 -0.104758 0.994498
vn 0.104188 -0.104188 0.989085
vn 0.104188 -0.104188 0.989085
vn 0.104188 -0.104188 0.989085
vn 0.104187 -0.104189 0.989085
vn 0.104187 -0.104189 0.989085
vn 0.104187 -0.104189 0.989085
vn 0.095948 -0.401385 0.910870
vn 0.095948 -0.401385 0.910870
vn 0.095948 -0.401385 0.910870
vn -0.095947 -0.401385 0.910870
vn -0.095947 -0.401385 0.910870
vn -0.095947 -0.401385 0.910870
vn -0.095966 -0.401467 -0.910832
vn -0.095966 -0.401467 -0.910832
vn -0.095966 -0.401467 -0.910832
vn -0.104211 -0.104213 -0.989080
vn -0.104211 -0.104213 -0.989080
vn -0.104211 -0.104213 -0.989080
vn 0.000000 0.000000 -1.000000
vn 0.000000 0.000000 -1.000000
vn 0.000000 0.000000 -1.000000
vn 0.000000 -0.318052 -0.948073
vn 0.000000 -0.318052 -0.948073
vn 0.000000 -0.318052 -0.948073
vn 0.052984 -0.104637 -0.993098
vn 0.052984 -0.104637 -0.993098
vn 0.052984 -0.104637 -0.993098
vn 0.104212 -0.104213 -0.989080
vn 0.104212 -0.104213 -0.989080
vn 0.104212 -0.104213 -0.989080
vn 0.104212 -0.104213 -0.989080
vn 0.104212 -0.104213 -0.989080
vn 0.104212 -0.104213 -0.989080
vn 0.095967 -0.401467 -0.910832
vn 0.095967 -0.401467 -0.910832
vn 0.095967 -0.401467 -0.910832
vn 0.000000 0.000000 -1.000000
vn 0.000000 0.000000 -1.000000
vn 0.000000 0.000000 -1.000000
vn -0.104213 -0.104213 -0.989080
vn -0.104213 -0.104213 -0.989080
vn -0.104213 -0.104213 -0.989080
vn -0.104186 -0.104186 0.989086
vn -0.104186 -0.104186 0.989086
vn -0.104186 -0.104186 0.989086
vn -0.104186 -0.104188 0.989085
vn -0.104186 -0.104188 0.989085
vn -0.104186 -0.104188 0.989085
vn 0.000000 0.000000 1.000000
vn 0.000000 0.000000 1.000000
vn 0.000000 0.000000 1.000000
vn -0.316501 -0.099397 -0.943370
vn -0.316501 -0.099397 -0.943370
vn -0.316501 -0.099397 -0.943370
vn -0.316431 -0.099375 0.943396
vn -0.316431 -0.099375 0.943396
vn -0.316431 -0.099375 0.943396
vn -0.095943 0.401458 0.910838
vn -0.095943 0.401458 0.910838
vn -0.095943 0.401458 0.910838
vn -0.104186 0.104188 0.989086
vn -0.104186 0.104188 0.989086
vn -0.104186 0.104188 0.989086
vn 0.401440 0.095947 0.910846
vn 0.401440 0.095947 0.910846
vn 0.401440 0.095947 0.910846
vn 0.104187 0.104188 0.989085
vn 0.104187 0.104188 0.989085
vn 0.104187 0.104188 0.989085
vn 0.000000 0.000000 1.000000
vn 0.000000 0.000000 1.000000
vn 0.000000 0.000000 1.000000
vn 0.000000 0.000000 1.000000
vn 0.000000 0.000000 1.000000
vn 0.000000 0.000000 1.000000
vn 0.000000 0.000000 1.000000
vn 0.000000 0.000000 1.000000
vn 0.000000 0.000000 1.000000
vn 0.000000 0.000000 1.000000
vn 0.000000 0.000000 1.000000
vn 0.000000 0.000000 1.000000
vn 0.000000 0.000000 1.000000
vn 0.000000 0.000000 1.000000
vn 0.000000 0.000000 1.000000
vn 0.000000 0.000000 1.000000
vn 0.000000 0.000000 1.000000
vn 0.000000 0.000000 1.000000
vn 0.000000 0.000000 1.000000
vn 0.000000 0.000000 1.000000
vn 0.000000 0.000000 1.000000
vn 0.000000 0.000000 1.000000
vn 0.000000 0.000000 1.000000
vn 0.000000 0.000000 1.000000
vn 0.000000 0.000000 1.000000
vn 0.000000 0.000000 1.000000
vn 0.000000 0.000000 1.000000
vn 0.000000 0.000000 1.000000
vn 0.000000 0.000000 1.000000
vn 0.000000 0.000000 1.000000
vn 0.403300 0.000000 0.915068
vn 0.403300 0.000000 0.915068
vn 0.403300 0.000000 0.915068
vn 0.403300 0.000000 0.915068
vn 0.403300 0.000000 0.915068
vn 0.403300 0.000000 0.915068
vn 0.000000 0.000000 1.000000
vn 0.000000 0.000000 1.000000
vn 0.000000 0.000000 1.000000
vn 0.000000 0.000000 1.000000
vn 0.000000 0.000000 1.000000
vn 0.000000 0.000000 1.000000
vn 0.000000 0.000000 1.000000
vn 0.000000 0.000000 1.000000
vn 0.000000 0.000000 1.000000
vn 0.000000 0.000000 1.000000
vn 0.000000 0.000000 1.000000
vn 0.000000 0.000000 1.000000
vn 0.000000 0.000000 1.000000
vn 0.000000 0.000000 1.000000
vn 0.000000 0.000000 1.000000
vn 0.000000 0.000000 1.000000
vn 0.000000 0.000000 1.000000
vn 0.000000 0.000000 1.000000
vn 0.000000 0.000000 1.000000
vn 0.000000 0.000000 1.000000
vn 0.000000 0.000000 1.000000
vn 0.000000 0.000000 1.000000
vn 0.000000 0.000000 1.000000
vn 0.000000 0.000000 1.000000
vn 0.000000 0.000000 1.000000
vn 0.000000 0.000000 1.000000
vn 0.000000 0.000000 1.000000
vn 0.000000 0.000000 1.000000
vn 0.000000 0.000000 1.000000
vn 0.000000 0.000000 1.000000
vn 0.000000 0.000000 1.000000
vn 0.000000 0.000000 1.000000
vn 0.000000 0.000000 1.000000
vn 0.000000 0.000000 1.000000
vn 0.000000 0.000000 1.000000
vn 0.000000 0.000000 1.000000
vn 0.000000 0.000000 1.000000
vn 0.000000 0.000000 1.000000
vn 0.000000 0.000000 1.000000
vn 0.000000 0.000000 1.000000
vn 0.000000 0.000000 1.000000
vn 0.000000 0.000000 1.000000
vn 0.000000 0.000000 1.000000
vn 0.000000 0.000000 1.000000
vn 0.000000 0.000000 1.000000
vn 0.000000 0.000000 1.000000
vn 0.000000 0.000000 1.000000
vn 0.000000 0.000000 1.000000
vn 0.000000 0.000000 1.000000
vn 0.000000 0.000000 1.000000
vn 0.000000 0.000000 1.000000
vn 0.000000 0.000000 1.000000
vn 0.000000 0.000000 1.000000
vn 0.000000 0.000000 1.000000
vn 0.000000 0.000000 1.000000
vn 0.000000 0.000000 1.000000
vn 0.000000 0.000000 1.000000
vn 0.000000 0.000000 1.000000
vn 0.000000 0.000000 1.000000
vn 0.000000 0.000000 1.000000
vn 0.000000 0.000000 1.000000
vn 0.000000 0.000000 1.000000
vn 0.000000 0.000000 1.000000
vn 0.000000 0.000000 1.000000
vn 0.000000 0.000000 1.000000
vn 0.000000 0.000000 1.000000
vn 0.000000 0.000000 1.000000
vn 0.000000 0.000000 1.000000
vn 0.000000 0.000000 1.000000
vn 0.000000 0.000000 1.000000
vn 0.000000 0.000000 1.000000
vn 0.000000 0.000000 1.000000
vn 0.000000 0.000000 1.000000
vn 0.000000 0.000000 1.000000
vn 0.000000 0.000000 1.000000
vn 0.000000 0.000000 1.000000
vn 0.000000 0.000000 1.000000
vn 0.000000 0.000000 1.000000
vn 0.000000 0.000000 1.000000
vn 0.000000 0.000000 1.000000
vn 0.000000 0.000000 1.000000
vn 0.000000 0.000000 1.000000
vn 0.000000 0.000000 1.000000
vn 0.000000 0.000000 1.000000
vn 0.000000 0.000000 1.000000
vn 0.000000 0.000000 1.000000
vn 0.000000 0.000000 1.000000
vn 0.000000 0.000000 1.000000
vn 0.000000 0.000000 1.000000
vn 0.000000 0.000000 1.000000
vn 0.000000 0.000000 1.000000
vn 0.000000 0.000000 1.000000
vn 0.000000 0.000000 1.000000
vn 0.000000 0.000000 1.000000
vn 0.000000 0.000000 1.000000
vn 0.000000 0.000000 1.000000
vn 0.000000 0.000000 1.000000
vn 0.000000 0.000000 1.000000
vn 0.000000 0.000000 1.000000
vn 0.000000 0.000000 1.000000
vn 0.000000 0.000000 1.000000
vn 0.000000 0.000000 1.000000
vn 0.000000 0.000000 1.000000
vn 0.000000 0.000000 1.000000
vn 0.000000 0.000000 1.000000
vn 0.000000 0.000000 1.000000
vn 0.000000 0.000000 1.000000
vn 0.000000 0.000000 1.000000
vn 0.000000 0.000000 1.000000
vn 0.000000 0.000000 1.000000
vn 0.000000 0.000000 1.000000
vn 0.000000 0.000000 1.000000
vn 0.000000 0.000000 1.000000
vn 0.000000 0.000000 1.000000
vn 0.000000 0.000000 1.000000
vn 0.000000 0.000000 1.000000
vn 0.000000 0.000000 1.000000
vn 0.000000 0.000000 1.000000
vn 0.000000 0.000000 1.000000
vn 0.000000 0.000000 1.000000
vn 0.000000 0.000000 1.000000
vn 0.000000 0.000000 1.000000
vn 0.000000 0.000000 1.000000
vn 0.000000 0.000000 1.000000
vn 0.000000 0.000000 1.000000
vn 0.000000 0.000000 1.000000
vn 0.000000 0.000000 1.000000
vn 0.000000 0.000000 1.000000
vn 0.000000 0.000000 1.000000
vn 0.000000 0.000000 1.000000
vn 0.000000 0.000000 1.000000
vn 0.000000 0.000000 1.000000
vn 0.000000 0.000000 1.000000
vn 0.000000 0.000000 1.000000
vn 0.000000 0.000000 1.000000
vn 0.000000 0.000000 1.000000
vn 0.000000 0.000000 1.000000
vn 0.000000 0.000000 1.000000
vn 0.000000 0.000000 1.000000
vn 0.000000 0.000000 1.000000
vn 0.000000 0.000000 1.000000
vn 0.000000 0.000000 1.000000
vn 0.000000 0.000000 1.000000
vn 0.000000 0.000000 1.000000
vn 0.403300 0.000000 0.915068
vn 0.403300 0.000000 0.915068
vn 0.403300 0.000000 0.915068
vn 0.000000 0.000000 1.000000
vn 0.000000 0.000000 1.000000
vn 0.000000 0.000000 1.000000
vn 0.000000 0.000000 1.000000
vn 0.000000 0.000000 1.000000
vn 0.000000 0.000000 1.000000
vn 0.000000 0.000000 1.000000
vn 0.000000 0.000000 1.000000
vn 0.000000 0.000000 1.000000
vn 0.000000 0.000000 1.000000
vn 0.000000 0.000000 1.000000
vn 0.000000 0.000000 1.000000
vn 0.000000 0.000000 1.000000
vn 0.000000 0.000000 1.000000
vn 0.000000 0.000000 1.000000
vn 0.000000 0.000000 1.000000
vn 0.000000 0.000000 1.000000
vn 0.000000 0.000000 1.000000
vn 0.000000 0.000000 1.000000
vn 0.000000 0.000000 1.000000
vn 0.000000 0.000000 1.000000
vn 0.000000 0.000000 1.000000
vn 0.000000 0.000000 1.000000
vn 0.000000 0.000000 1.000000
vn 0.000000 0.000000 1.000000
vn 0.000000 0.000000 1.000000
vn 0.000000 0.000000 1.000000
vn 0.000000 0.000000 1.000000
vn 0.000000 0.000000 1.000000
vn 0.000000 0.000000 1.000000
vn 0.000000 0.000000 1.000000
vn 0.000000 0.000000 1.000000
vn 0.000000 0.000000 1.000000
vn 0.000000 0.000000 1.000000
vn 0.000000 0.000000 1.000000
vn 0.000000 0.000000 1.000000
vn 0.403300 0.000000 0.915068
vn 0.403300 0.000000 0.915068
vn 0.403300 0.000000 0.915068
vn 0.403300 0.000000 0.915068
vn 0.403300 0.000000 0.915068
vn 0.403300 0.000000 0.915068
vn 0.000000 0.000000 1.000000
vn 0.000000 0.000000 1.000000
vn 0.000000 0.000000 1.000000
vn 0.000000 0.000000 1.000000
vn 0.000000 0.000000 1.000000
vn 0.000000 0.000000 1.000000
vn 0.000000 0.000000 1.000000
vn 0.000000 0.000000 1.000000
vn 0.000000 0.000000 1.000000
vn 0.000000 0.000000 1.000000
vn 0.000000 0.000000 1.000000
vn 0.000000 0.000000 1.000000
vn 0.000000 0.000000 1.000000
vn 0.000000 0.000000 1.000000
vn 0.000000 0.000000 1.000000
vn 0.000000 0.000000 1.000000
vn 0.000000 0.000000 1.000000
vn 0.000000 0.000000 1.000000
vn 0.000000 0.000000 1.000000
vn 0.000000 0.000000 1.000000
vn 0.000000 0.000000 1.000000
vn 0.000000 0.000000 1.000000
vn 0.000000 0.000000 1.000000
vn 0.000000 0.000000 1.000000
vn 0.000000 0.000000 1.000000
vn 0.000000 0.000000 1.000000
vn 0.000000 0.000000 1.000000
vn 0.000000 0.000000 1.000000
vn 0.000000 0.000000 1.000000
vn 0.000000 0.000000 1.000000
vn 0.000000 0.000000 1.000000
vn 0.000000 0.000000 1.000000
vn 0.000000 0.000000 1.000000
vn 0.000000 0.000000 1.000000
vn 0.000000 0.000000 1.000000
vn 0.000000 0.000000 1.000000
vn 0.403300 0.000000 0.915068
vn 0.403300 0.000000 0.915068
vn 0.403300 0.000000 0.915068
vn 0.403300 0.000000 0.915068
vn 0.403300 0.000000 0.915068
vn 0.403300 0.000000 0.915068
vn 0.000000 0.000000 1.000000
vn 0.000000 0.000000 1.000000
vn 0.000000 0.000000 1.000000
vn 0.000000 0.000000 1.000000
vn 0.000000 0.000000 1.000000
vn 0.000000 0.000000 1.000000
vn 0.000000 0.000000 1.000000
vn 0.000000 0.000000 1.000000
vn 0.000000 0.000000 1.000000
vn 0.000000 0.000000 1.000000
vn 0.000000 0.000000 1.000000
vn 0.000000 0.000000 1.000000
vn 0.000000 0.000000 1.000000
vn 0.000000 0.000000 1.000000
vn 0.000000 0.000000 1.000000
vn 0.000000 0.000000 1.000000
vn 0.000000 0.000000 1.000000
vn 0.000000 0.000000 1.000000
vn 0.000000 0.000000 1.000000
vn 0.000000 0.000000 1.000000
vn 0.000000 0.000000 1.000000
vn 0.000000 0.000000 1.000000
vn 0.000000 0.000000 1.000000
vn 0.000000 0.000000 1.000000
vn 0.000000 0.000000 1.000000
vn 0.000000 0.000000 1.000000
vn 0.000000 0.000000 1.000000
vn 0.000000 0.000000 1.000000
vn 0.000000 0.000000 1.000000
vn 0.000000 0.000000 1.000000
vn 0.000000 0.000000 1.000000
vn 0.000000 0.000000 1.000000
vn 0.000000 0.000000 1.000000
vn 0.000000 0.000000 1.000000
vn 0.000000 0.000000 1.000000
vn 0.000000 0.000000 1.000000
vn 0.403300 0.000000 0.915068
vn 0.403300 0.000000 0.915068
vn 0.403300 0.000000 0.915068
vn 0.401440 -0.095947 0.910846
vn 0.401440 -0.095947 0.910846
vn 0.401440 -0.095947 0.910846
vn 0.104188 -0.104188 0.989085
vn 0.104188 -0.104188 0.989085
vn 0.104188 -0.104188 0.989085
vn 0.104187 -0.104189 0.989085
vn 0.104187 -0.104189 0.989085
vn 0.104187 -0.104189 0.989085
vn 0.104187 -0.104189 0.989085
vn 0.104187 -0.104189 0.989085
vn 0.104187 -0.104189 0.989085
vn 0.104187 -0.104189 0.989085
vn 0.104187 -0.104189 0.989085
vn 0.104187 -0.104189 0.989085
vn 0.104184 -0.104188 0.989086
vn 0.104184 -0.104188 0.989086
vn 0.104184 -0.104188 0.989086
vn 0.104187 -0.104189 0.989085
vn 0.104187 -0.104189 0.989085
vn 0.104187 -0.104189 0.989085
vn 0.000000 0.000000 1.000000
vn 0.000000 0.000000 1.000000
vn 0.000000 0.000000 1.000000
vn 0.000000 0.000000 1.000000
vn 0.000000 0.000000 1.000000
vn 0.000000 0.000000 1.000000
vn 0.000000 0.000000 1.000000
vn 0.000000 0.000000 1.000000
vn 0.000000 0.000000 1.000000
vn 0.000000 0.000000 1.000000
vn 0.000000 0.000000 1.000000
vn 0.000000 0.000000 1.000000
vn 0.000000 0.000000 1.000000
vn 0.000000 0.000000 1.000000
vn 0.000000 0.000000 1.000000
vn 0.104187 -0.104189 0.989085
vn 0.104187 -0.104189 0.989085
vn 0.104187 -0.104189 0.989085
vn 0.099375 -0.316408 0.943404
vn 0.099375 -0.316408 0.943404
vn 0.099375 -0.316408 0.943404
vn 0.000000 0.000000 1.000000
vn 0.000000 0.000000 1.000000
vn 0.000000 0.000000 1.000000
vn 0.000000 0.000000 1.000000
vn 0.000000 0.000000 1.000000
vn 0.000000 0.000000 1.000000
vn 0.000000 0.000000 1.000000
vn 0.000000 0.000000 1.000000
vn 0.000000 0.000000 1.000000
vn 0.000000 0.000000 1.000000
vn 0.000000 0.000000 1.000000
vn 0.000000 0.000000 1.000000
vn 0.000000 0.000000 1.000000
vn 0.000000 0.000000 1.000000
vn 0.000000 0.000000 1.000000
s off
g polySurface1 _Users_User_Desktop_TeethProject_slice_P2_17_2_17_slice0_stl
usemtl initialShadingGroup
f 311//1 307//2 309//3
f 309//4 307//5 288//6
f 309//7 288//8 287//9
f 287//10 288//11 264//12
f 287//13 264//14 262//15
f 262//16 264//17 238//18
f 262//19 238//20 236//21
f 236//22 238//23 212//24
f 288//25 307//26 286//27
f 286//28 307//29 284//30
f 286//31 284//32 261//33
f 261//34 284//35 259//36
f 261//37 259//38 235//39
f 265//40 286//41 263//42
f 263//43 286//44 261//45
f 263//46 261//47 237//48
f 237//49 261//50 235//51
f 237//52 235//53 211//54
f 286//55 265//56 288//57
f 288//58 265//59 264//60
f 265//61 263//62 240//63
f 240//64 263//65 239//66
f 240//67 239//68 238//69
f 238//70 239//71 214//72
f 238//73 214//74 212//75
f 212//76 214//77 213//78
f 212//79 213//80 187//81
f 187//82 213//83 188//84
f 187//85 188//86 162//87
f 162//88 188//89 186//90
f 334//91 325//92 327//93
f 327//94 325//95 311//96
f 327//97 311//98 308//99
f 308//100 311//101 309//102
f 308//103 309//104 287//105
f 311//106 325//107 307//108
f 307//109 325//110 305//111
f 307//112 305//113 284//114
f 284//115 305//116 282//117
f 284//118 282//119 259//120
f 263//121 237//122 239//123
f 239//124 237//125 214//126
f 334//127 323//128 325//129
f 325//130 323//131 303//132
f 325//133 303//134 305//135
f 305//136 303//137 282//138
f 323//139 334//140 333//141
f 333//142 334//143 326//144
f 333//145 326//146 324//147
f 324//148 326//149 304//150
f 214//151 237//152 213//153
f 213//154 237//155 211//156
f 213//157 211//158 188//159
f 188//160 211//161 186//162
f 333//163 321//164 323//165
f 323//166 321//167 301//168
f 323//169 301//170 303//171
f 303//172 301//173 280//174
f 303//175 280//176 282//177
f 282//178 280//179 257//180
f 282//181 257//182 259//183
f 259//184 257//185 233//186
f 259//187 233//188 235//189
f 235//190 233//191 209//192
f 235//193 209//194 211//195
f 211//196 209//197 184//198
f 211//199 184//200 186//201
f 186//202 184//203 159//204
f 186//205 159//206 161//207
f 161//208 159//209 136//210
f 161//211 136//212 160//213
f 160//214 136//215 134//216
f 160//217 134//218 158//219
f 158//220 134//221 132//222
f 158//223 132//224 156//225
f 156//226 132//227 130//228
f 156//229 130//230 154//231
f 154//232 130//233 128//234
f 154//235 128//236 152//237
f 152//238 128//239 126//240
f 152//241 126//242 150//243
f 150//244 126//245 124//246
f 150//247 124//248 148//249
f 148//250 124//251 122//252
f 148//253 122//254 146//255
f 146//256 122//257 120//258
f 146//259 120//260 144//261
f 144//262 120//263 118//264
f 144//265 118//266 142//267
f 142//268 118//269 116//270
f 142//271 116//272 140//273
f 140//274 116//275 114//276
f 140//277 114//278 137//279
f 137//280 114//281 112//282
f 137//283 112//284 113//285
f 113//286 112//287 87//288
f 113//289 87//290 89//291
f 89//292 87//293 64//294
f 89//295 64//296 66//297
f 66//298 64//299 42//300
f 66//301 42//302 44//303
f 44//304 42//305 20//306
f 44//307 20//308 22//309
f 22//310 20//311 17//312
f 22//313 17//314 15//315
f 15//316 17//317 21//318
f 15//319 21//320 23//321
f 23//322 21//323 45//324
f 23//325 45//326 47//327
f 47//328 45//329 69//330
f 47//331 69//332 71//333
f 71//334 69//335 94//336
f 71//337 94//338 96//339
f 96//340 94//341 120//342
f 96//343 120//344 122//345
f 333//346 332//347 321//348
f 321//349 332//350 319//351
f 321//352 319//353 299//354
f 299//355 319//356 297//357
f 299//358 297//359 276//360
f 276//361 297//362 274//363
f 276//364 274//365 251//366
f 251//367 274//368 249//369
f 251//370 249//371 225//372
f 225//373 249//374 223//375
f 225//376 223//377 199//378
f 199//379 223//380 197//381
f 199//382 197//383 172//384
f 172//385 197//386 170//387
f 172//388 170//389 145//390
f 145//391 170//392 143//393
f 145//394 143//395 119//396
f 119//397 143//398 117//399
f 119//400 117//401 93//402
f 93//403 117//404 91//405
f 93//406 91//407 68//408
f 68//409 91//410 66//411
f 68//412 66//413 44//414
f 186//415 161//416 162//417
f 162//418 161//419 160//420
f 162//421 160//422 187//423
f 187//424 160//425 185//426
f 187//427 185//428 212//429
f 212//430 185//431 210//432
f 212//433 210//434 236//435
f 236//436 210//437 234//438
f 236//439 234//440 260//441
f 260//442 234//443 258//444
f 260//445 258//446 283//447
f 283//448 258//449 281//450
f 283//451 281//452 304//453
f 304//454 281//455 302//456
f 304//457 302//458 324//459
f 324//460 302//461 322//462
f 324//463 322//464 332//465
f 332//466 322//467 331//468
f 332//469 331//470 319//471
f 319//472 331//473 317//474
f 319//475 317//476 297//477
f 297//478 317//479 295//480
f 297//481 295//482 274//483
f 274//484 295//485 272//486
f 274//487 272//488 249//489
f 249//490 272//491 247//492
f 249//493 247//494 223//495
f 223//496 247//497 221//498
f 223//499 221//500 197//501
f 197//502 221//503 195//504
f 197//505 195//506 170//507
f 170//508 195//509 168//510
f 170//511 168//512 143//513
f 143//514 168//515 141//516
f 143//517 141//518 117//519
f 117//520 141//521 115//522
f 117//523 115//524 91//525
f 91//526 115//527 89//528
f 91//529 89//530 66//531
f 321//532 299//533 301//534
f 301//535 299//536 278//537
f 301//538 278//539 280//540
f 280//541 278//542 255//543
f 280//544 255//545 257//546
f 257//547 255//548 231//549
f 257//550 231//551 233//552
f 233//553 231//554 207//555
f 233//556 207//557 209//558
f 209//559 207//560 182//561
f 209//562 182//563 184//564
f 184//565 182//566 157//567
f 184//568 157//569 159//570
f 159//571 157//572 133//573
f 159//574 133//575 135//576
f 135//577 133//578 110//579
f 135//580 110//581 134//582
f 134//583 110//584 108//585
f 134//586 108//587 132//588
f 132//589 108//590 106//591
f 132//592 106//593 130//594
f 130//595 106//596 104//597
f 130//598 104//599 128//600
f 128//601 104//602 102//603
f 128//604 102//605 126//606
f 126//607 102//608 100//609
f 126//610 100//611 124//612
f 124//613 100//614 98//615
f 124//616 98//617 122//618
f 122//619 98//620 96//621
f 159//622 135//623 136//624
f 136//625 135//626 134//627
f 331//628 330//629 317//630
f 317//631 330//632 315//633
f 317//634 315//635 295//636
f 295//637 315//638 293//639
f 295//640 293//641 272//642
f 272//643 293//644 270//645
f 272//646 270//647 247//648
f 247//649 270//650 245//651
f 247//652 245//653 221//654
f 221//655 245//656 219//657
f 221//658 219//659 195//660
f 195//661 219//662 193//663
f 195//664 193//665 168//666
f 168//667 193//668 166//669
f 168//670 166//671 141//672
f 141//673 166//674 139//675
f 141//676 139//677 115//678
f 115//679 139//680 113//681
f 115//682 113//683 89//684
f 299//685 276//686 278//687
f 278//688 276//689 253//690
f 278//691 253//692 255//693
f 255//694 253//695 229//696
f 255//697 229//698 231//699
f 231//700 229//701 205//702
f 231//703 205//704 207//705
f 207//706 205//707 180//708
f 207//709 180//710 182//711
f 182//712 180//713 155//714
f 182//715 155//716 157//717
f 157//718 155//719 131//720
f 157//721 131//722 133//723
f 133//724 131//725 107//726
f 133//727 107//728 109//729
f 109//730 107//731 85//732
f 109//733 85//734 108//735
f 108//736 85//737 83//738
f 108//739 83//740 106//741
f 106//742 83//743 81//744
f 106//745 81//746 104//747
f 104//748 81//749 79//750
f 104//751 79//752 102//753
f 102//754 79//755 77//756
f 102//757 77//758 100//759
f 100//760 77//761 75//762
f 100//763 75//764 98//765
f 98//766 75//767 73//768
f 98//769 73//770 96//771
f 96//772 73//773 71//774
f 133//775 109//776 110//777
f 110//778 109//779 108//780
f 330//781 329//782 315//783
f 315//784 329//785 313//786
f 315//787 313//788 293//789
f 293//790 313//791 291//792
f 293//793 291//794 270//795
f 270//796 291//797 268//798
f 270//799 268//800 245//801
f 245//802 268//803 243//804
f 245//805 243//806 219//807
f 219//808 243//809 217//810
f 219//811 217//812 193//813
f 193//814 217//815 191//816
f 193//817 191//818 166//819
f 166//820 191//821 164//822
f 166//823 164//824 139//825
f 139//826 164//827 163//828
f 139//829 163//830 138//831
f 138//832 163//833 165//834
f 138//835 165//836 140//837
f 140//838 165//839 167//840
f 140//841 167//842 142//843
f 142//844 167//845 169//846
f 142//847 169//848 144//849
f 144//850 169//851 171//852
f 144//853 171//854 146//855
f 146//856 171//857 173//858
f 146//859 173//860 148//861
f 148//862 173//863 175//864
f 148//865 175//866 150//867
f 150//868 175//869 177//870
f 150//871 177//872 152//873
f 152//874 177//875 179//876
f 152//877 179//878 154//879
f 154//880 179//881 181//882
f 154//883 181//884 156//885
f 156//886 181//887 183//888
f 156//889 183//890 158//891
f 158//892 183//893 185//894
f 158//895 185//896 160//897
f 276//898 251//899 253//900
f 253//901 251//902 227//903
f 253//904 227//905 229//906
f 229//907 227//908 203//909
f 229//910 203//911 205//912
f 205//913 203//914 178//915
f 205//916 178//917 180//918
f 180//919 178//920 153//921
f 180//922 153//923 155//924
f 155//925 153//926 129//927
f 155//928 129//929 131//930
f 131//931 129//932 105//933
f 131//934 105//935 107//936
f 107//937 105//938 82//939
f 107//940 82//941 84//942
f 84//943 82//944 61//945
f 84//946 61//947 83//948
f 83//949 61//950 59//951
f 83//952 59//953 81//954
f 81//955 59//956 57//957
f 81//958 57//959 79//960
f 79//961 57//962 55//963
f 79//964 55//965 77//966
f 77//967 55//968 53//969
f 77//970 53//971 75//972
f 75//973 53//974 51//975
f 75//976 51//977 73//978
f 73//979 51//980 49//981
f 73//982 49//983 71//984
f 71//985 49//986 47//987
f 107//988 84//989 85//990
f 85//991 84//992 83//993
f 329//994 328//995 313//996
f 313//997 328//998 312//999
f 313//1000 312//1001 291//1002
f 291//1003 312//1004 310//1005
f 291//1006 310//1007 290//1008
f 290//1009 310//1010 292//1011
f 290//1012 292//1013 289//1014
f 289//1015 292//1016 269//1017
f 289//1018 269//1019 267//1020
f 267//1021 269//1022 266//1023
f 267//1024 266//1025 243//1026
f 243//1027 266//1028 242//1029
f 243//1030 242//1031 217//1032
f 217//1033 242//1034 241//1035
f 217//1036 241//1037 216//1038
f 216//1039 241//1040 218//1041
f 216//1042 218//1043 215//1044
f 215//1045 218//1046 192//1047
f 215//1048 192//1049 190//1050
f 190//1051 192//1052 189//1053
f 190//1054 189//1055 164//1056
f 164//1057 189//1058 163//1059
f 251//1060 225//1061 227//1062
f 227//1063 225//1064 201//1065
f 227//1066 201//1067 203//1068
f 203//1069 201//1070 176//1071
f 203//1072 176//1073 178//1074
f 178//1075 176//1076 151//1077
f 178//1078 151//1079 153//1080
f 153//1081 151//1082 127//1083
f 153//1084 127//1085 129//1086
f 129//1087 127//1088 103//1089
f 129//1090 103//1091 105//1092
f 105//1093 103//1094 80//1095
f 105//1096 80//1097 82//1098
f 82//1099 80//1100 58//1101
f 82//1102 58//1103 60//1104
f 60//1105 58//1106 38//1107
f 60//1108 38//1109 59//1110
f 59//1111 38//1112 35//1113
f 59//1114 35//1115 57//1116
f 57//1117 35//1118 33//1119
f 57//1120 33//1121 55//1122
f 55//1123 33//1124 31//1125
f 55//1126 31//1127 53//1128
f 53//1129 31//1130 29//1131
f 53//1132 29//1133 51//1134
f 51//1135 29//1136 27//1137
f 51//1138 27//1139 49//1140
f 49//1141 27//1142 25//1143
f 49//1144 25//1145 47//1146
f 47//1147 25//1148 23//1149
f 82//1150 60//1151 61//1152
f 61//1153 60//1154 59//1155
f 225//1156 199//1157 201//1158
f 201//1159 199//1160 174//1161
f 201//1162 174//1163 176//1164
f 176//1165 174//1166 149//1167
f 176//1168 149//1169 151//1170
f 151//1171 149//1172 125//1173
f 151//1174 125//1175 127//1176
f 127//1177 125//1178 101//1179
f 127//1180 101//1181 103//1182
f 103//1183 101//1184 78//1185
f 103//1186 78//1187 80//1188
f 80//1189 78//1190 56//1191
f 80//1192 56//1193 58//1194
f 58//1195 56//1196 34//1197
f 58//1198 34//1199 36//1200
f 36//1201 34//1202 18//1203
f 36//1204 18//1205 35//1206
f 35//1207 18//1208 33//1209
f 58//1210 36//1211 38//1212
f 38//1213 36//1214 35//1215
f 290//1216 289//1217 268//1218
f 268//1219 289//1220 267//1221
f 268//1222 267//1223 243//1224
f 290//1225 268//1226 291//1227
f 199//1228 172//1229 174//1230
f 174//1231 172//1232 147//1233
f 174//1234 147//1235 149//1236
f 149//1237 147//1238 123//1239
f 149//1240 123//1241 125//1242
f 125//1243 123//1244 99//1245
f 125//1246 99//1247 101//1248
f 101//1249 99//1250 76//1251
f 101//1252 76//1253 78//1254
f 78//1255 76//1256 54//1257
f 78//1258 54//1259 56//1260
f 56//1261 54//1262 32//1263
f 56//1264 32//1265 34//1266
f 34//1267 32//1268 16//1269
f 34//1270 16//1271 18//1272
f 18//1273 16//1274 33//1275
f 172//1276 145//1277 147//1278
f 147//1279 145//1280 121//1281
f 147//1282 121//1283 123//1284
f 123//1285 121//1286 97//1287
f 123//1288 97//1289 99//1290
f 99//1291 97//1292 74//1293
f 99//1294 74//1295 76//1296
f 76//1297 74//1298 52//1299
f 76//1300 52//1301 54//1302
f 54//1303 52//1304 30//1305
f 54//1306 30//1307 32//1308
f 32//1309 30//1310 12//1311
f 32//1312 12//1313 14//1314
f 14//1315 12//1316 4//1317
f 14//1318 4//1319 13//1320
f 13//1321 4//1322 11//1323
f 13//1324 11//1325 31//1326
f 31//1327 11//1328 29//1329
f 32//1330 14//1331 16//1332
f 16//1333 14//1334 13//1335
f 16//1336 13//1337 33//1338
f 33//1339 13//1340 31//1341
f 145//1342 119//1343 121//1344
f 121//1345 119//1346 95//1347
f 121//1348 95//1349 97//1350
f 97//1351 95//1352 72//1353
f 97//1354 72//1355 74//1356
f 74//1357 72//1358 50//1359
f 74//1360 50//1361 52//1362
f 52//1363 50//1364 28//1365
f 52//1366 28//1367 30//1368
f 30//1369 28//1370 10//1371
f 30//1372 10//1373 12//1374
f 12//1375 10//1376 3//1377
f 12//1378 3//1379 4//1380
f 4//1381 3//1382 11//1383
f 216//1384 215//1385 191//1386
f 191//1387 215//1388 190//1389
f 191//1390 190//1391 164//1392
f 216//1393 191//1394 217//1395
f 119//1396 93//1397 95//1398
f 95//1399 93//1400 70//1401
f 95//1402 70//1403 72//1404
f 72//1405 70//1406 48//1407
f 72//1408 48//1409 50//1410
f 50//1411 48//1412 26//1413
f 50//1414 26//1415 28//1416
f 28//1417 26//1418 8//1419
f 28//1420 8//1421 10//1422
f 10//1423 8//1424 2//1425
f 10//1426 2//1427 3//1428
f 3//1429 2//1430 9//1431
f 3//1432 9//1433 11//1434
f 11//1435 9//1436 29//1437
f 93//1438 68//1439 70//1440
f 70//1441 68//1442 46//1443
f 70//1444 46//1445 48//1446
f 48//1447 46//1448 24//1449
f 48//1450 24//1451 26//1452
f 26//1453 24//1454 6//1455
f 26//1456 6//1457 8//1458
f 8//1459 6//1460 1//1461
f 8//1462 1//1463 2//1464
f 2//1465 1//1466 7//1467
f 2//1468 7//1469 9//1470
f 9//1471 7//1472 27//1473
f 9//1474 27//1475 29//1476
f 113//1477 138//1478 137//1479
f 137//1480 138//1481 140//1482
f 138//1483 113//1484 139//1485
f 68//1486 44//1487 46//1488
f 46//1489 44//1490 22//1491
f 46//1492 22//1493 24//1494
f 24//1495 22//1496 6//1497
f 6//1498 15//1499 5//1500
f 5//1501 15//1502 23//1503
f 5//1504 23//1505 7//1506
f 7//1507 23//1508 25//1509
f 7//1510 25//1511 27//1512
f 15//1513 6//1514 22//1515
f 6//1516 5//1517 1//1518
f 1//1519 5//1520 7//1521
f 87//1522 112//1523 111//1524
f 111//1525 112//1526 114//1527
f 111//1528 114//1529 88//1530
f 88//1531 114//1532 90//1533
f 88//1534 90//1535 65//1536
f 65//1537 90//1538 67//1539
f 65//1540 67//1541 43//1542
f 43//1543 67//1544 45//1545
f 43//1546 45//1547 21//1548
f 87//1549 111//1550 86//1551
f 86//1552 111//1553 88//1554
f 86//1555 88//1556 63//1557
f 63//1558 88//1559 65//1560
f 63//1561 65//1562 62//1563
f 62//1564 65//1565 41//1566
f 62//1567 41//1568 39//1569
f 39//1570 41//1571 37//1572
f 39//1573 37//1574 40//1575
f 40//1576 37//1577 20//1578
f 40//1579 20//1580 42//1581
f 87//1582 86//1583 64//1584
f 64//1585 86//1586 63//1587
f 64//1588 63//1589 40//1590
f 40//1591 63//1592 62//1593
f 40//1594 62//1595 39//1596
f 64//1597 40//1598 42//1599
f 20//1600 37//1601 19//1602
f 19//1603 37//1604 41//1605
f 19//1606 41//1607 21//1608
f 21//1609 41//1610 43//1611
f 20//1612 19//1613 17//1614
f 17//1615 19//1616 21//1617
f 265//1618 240//1619 264//1620
f 264//1621 240//1622 238//1623
f 334//1624 327//1625 326//1626
f 326//1627 327//1628 308//1629
f 326//1630 308//1631 306//1632
f 306//1633 308//1634 285//1635
f 306//1636 285//1637 283//1638
f 283//1639 285//1640 260//1641
f 308//1642 287//1643 285//1644
f 285//1645 287//1646 262//1647
f 285//1648 262//1649 260//1650
f 260//1651 262//1652 236//1653
f 326//1654 306//1655 304//1656
f 304//1657 306//1658 283//1659
f 333//1660 324//1661 332//1662
f 331//1663 322//1664 320//1665
f 320//1666 322//1667 300//1668
f 320//1669 300//1670 298//1671
f 298//1672 300//1673 277//1674
f 298//1675 277//1676 275//1677
f 275//1678 277//1679 252//1680
f 275//1681 252//1682 250//1683
f 250//1684 252//1685 226//1686
f 250//1687 226//1688 224//1689
f 224//1690 226//1691 200//1692
f 224//1693 200//1694 198//1695
f 198//1696 200//1697 173//1698
f 198//1699 173//1700 171//1701
f 322//1702 302//1703 300//1704
f 300//1705 302//1706 279//1707
f 300//1708 279//1709 277//1710
f 277//1711 279//1712 254//1713
f 277//1714 254//1715 252//1716
f 252//1717 254//1718 228//1719
f 252//1720 228//1721 226//1722
f 226//1723 228//1724 202//1725
f 226//1726 202//1727 200//1728
f 200//1729 202//1730 175//1731
f 200//1732 175//1733 173//1734
f 302//1735 281//1736 279//1737
f 279//1738 281//1739 256//1740
f 279//1741 256//1742 254//1743
f 254//1744 256//1745 230//1746
f 254//1747 230//1748 228//1749
f 228//1750 230//1751 204//1752
f 228//1753 204//1754 202//1755
f 202//1756 204//1757 177//1758
f 202//1759 177//1760 175//1761
f 281//1762 258//1763 256//1764
f 256//1765 258//1766 232//1767
f 256//1768 232//1769 230//1770
f 230//1771 232//1772 206//1773
f 230//1774 206//1775 204//1776
f 204//1777 206//1778 179//1779
f 204//1780 179//1781 177//1782
f 258//1783 234//1784 232//1785
f 232//1786 234//1787 208//1788
f 232//1789 208//1790 206//1791
f 206//1792 208//1793 181//1794
f 206//1795 181//1796 179//1797
f 234//1798 210//1799 208//1800
f 208//1801 210//1802 183//1803
f 208//1804 183//1805 181//1806
f 185//1807 183//1808 210//1809
f 330//1810 320//1811 318//1812
f 318//1813 320//1814 298//1815
f 318//1816 298//1817 296//1818
f 296//1819 298//1820 275//1821
f 296//1822 275//1823 273//1824
f 273//1825 275//1826 250//1827
f 273//1828 250//1829 248//1830
f 248//1831 250//1832 224//1833
f 248//1834 224//1835 222//1836
f 222//1837 224//1838 198//1839
f 222//1840 198//1841 196//1842
f 196//1843 198//1844 171//1845
f 196//1846 171//1847 169//1848
f 331//1849 320//1850 330//1851
f 329//1852 318//1853 316//1854
f 316//1855 318//1856 296//1857
f 316//1858 296//1859 294//1860
f 294//1861 296//1862 273//1863
f 294//1864 273//1865 271//1866
f 271//1867 273//1868 248//1869
f 271//1870 248//1871 246//1872
f 246//1873 248//1874 222//1875
f 246//1876 222//1877 220//1878
f 220//1879 222//1880 196//1881
f 220//1882 196//1883 194//1884
f 194//1885 196//1886 169//1887
f 194//1888 169//1889 167//1890
f 330//1891 318//1892 329//1893
f 328//1894 316//1895 314//1896
f 314//1897 316//1898 294//1899
f 314//1900 294//1901 292//1902
f 292//1903 294//1904 271//1905
f 292//1906 271//1907 269//1908
f 269//1909 271//1910 246//1911
f 269//1912 246//1913 244//1914
f 244//1915 246//1916 220//1917
f 244//1918 220//1919 218//1920
f 218//1921 220//1922 194//1923
f 218//1924 194//1925 192//1926
f 192//1927 194//1928 167//1929
f 192//1930 167//1931 165//1932
f 329//1933 316//1934 328//1935
f 328//1936 314//1937 312//1938
f 312//1939 314//1940 310//1941
f 310//1942 314//1943 292//1944
f 269//1945 244//1946 266//1947
f 266//1948 244//1949 242//1950
f 242//1951 244//1952 241//1953
f 241//1954 244//1955 218//1956
f 120//1957 94//1958 118//1959
f 118//1960 94//1961 92//1962
f 118//1963 92//1964 116//1965
f 116//1966 92//1967 90//1968
f 116//1969 90//1970 114//1971
f 192//1972 165//1973 189//1974
f 189//1975 165//1976 163//1977
f 94//1978 69//1979 92//1980
f 92//1981 69//1982 67//1983
f 92//1984 67//1985 90//1986
f 45//1987 67//1988 69//1989
f 41//1990 65//1991 43//1992
